country	city	session	playerNr	age	gender	siblings	religious	riskTaking	IOS	knownParticipants	FGFtype	SWbenevolence	SWuniversalism	SWselfdirect	SWstimulation	SWhedonism	SWachievement	SWpower	SWsecurity	SWconformity	SWtradition	BCreq	BCpayInfo	BCfracA	BCpayoff	SDreq	SDpayInfo	SDfracA	SDpayoff	COreq	COpayInfo	COfracA	COpayoff
China	Ningbo	1	1	22	2	0	1	3	5	1	DD	5	5	6	5.666666667	5.333333333	6.25	5.666666667	5	5	3.75	0.8125	0.611111111	0.4	306	0.6875	0.517241379	0.2	164	1	0	0.3	895
China	Ningbo	1	2	21	2	1	1	3	6	2	CD	5.75	5	5	4.333333333	4	6	5.333333333	4.8	6	3	0.8125	1	0.85	433	0.5625	0.8	0.15	338	0.3125	0.25	0.3	931
China	Ningbo	1	3	18	2	0	1	3	5	0	CC	6.5	5.666666667	7	6.666666667	7	6.5	4.333333333	5	5.5	2.75	0.25	1	0.55	279	0.1875	1	0.6	209	0.25	1	0.35	914
China	Ningbo	1	4	23	1	1	1	2	5	0	CC	6.25	6.166666667	6.5	6	6.333333333	5.5	3.333333333	6.2	4.25	3	0.4375	1	0.6	417	0.3125	1	0.3	235	0.375	1	0.15	1011
China	Ningbo	1	5	22	2	1	1	4	3	0	DD	5.5	6.166666667	5	6	5.666666667	6	4.333333333	6	5.25	4	0.25	0.142857143	0.35	161	0.375	0.2	0.55	298	0.4375	0	0.25	571
China	Ningbo	1	6	22	2	0	1	6	3	2	DD	5.75	6	4	4.333333333	6.333333333	5	3	5.8	6.25	3.25	0.1875	1	0.75	557	0.375	0	0.4	390	0.5	0	0.3	991
China	Ningbo	1	7	21	2	0	1	3	4	0	CD	4.25	5.333333333	5.5	6.333333333	6.666666667	6	2.333333333	2.2	4	2.75	0.875	1	0.5	282	0.25	0.333333333	0.15	138	0.3125	0	0.15	1153
China	Ningbo	1	8	21	1	0	1	5	6	0	DD	4.25	4.333333333	4	4	4	4.5	4	4.2	4.5	4.25	0.25	1	0.7	416	0.1875	1	0.15	347	0.8125	0	0.4	917
China	Ningbo	1	9	22	2	1	2	2	3	0	CD	6.75	6.5	7	6.666666667	7	6	5.333333333	6	5.25	5.5	0.3125	1	0.4	308	0.1875	1	0.5	107	0.375	0.2	0.25	1010
China	Ningbo	1	10	23	2	1	1	4	4	1	CC	5	4.833333333	4.75	4	5.666666667	3.75	4	4.2	5.5	3.5	0.5	1	0.65	407	0.4375	1	0.15	215	0.5	1	0.35	978
China	Ningbo	1	11	22	2	0	1	6	5	1	CD	6.25	6.833333333	6	6	6.333333333	6.5	4.333333333	6.8	6.25	4	0.5625	0.5	0.9	425	0.875	0.302325581	0.15	208	0.1875	1	0.25	1231
China	Ningbo	1	12	22	2	1	1	6	6	4	CC	6.75	6.5	5	5.666666667	5.333333333	4.75	3.333333333	6.8	5.75	4.5	1	0.828571429	0.45	266	1	0.641025641	0.2	423	1	0.254901961	0.35	864
China	Ningbo	1	13	23	2	0	1	3	5	5	CC	5.75	6.5	5.5	4.666666667	5	4.75	4	5.8	5.25	3.25	0.25	0.428571429	0.45	260	0.25	0.333333333	0.35	139	0.1875	0.333333333	0.1	1032
China	Ningbo	1	14	20	1	0	1	5	7	2	CD	4	6.333333333	2.25	2	3.333333333	4.25	3.333333333	5.2	6.75	5	0.6875	0.952380952	0.55	362	0.8125	0.444444444	0.45	192	0.25	0	0.4	679
China	Ningbo	1	15	22	2	0	1	6	4	4	CC	7	7	7	7	7	6.75	5.666666667	7	7	5.5	0.4375	1	0.4	265	1	0.351351351	0.25	324	1	0.777777778	0.15	925
China	Ningbo	1	16	21	2	0	1	5	3	2	CD	4	6.833333333	3.75	5	7	2	2.333333333	6	5.75	5	0.1875	1	0.5	139	0	NA	0.1	379	0.125	0.333333333	0.4	940
China	Ningbo	1	17	21	2	0	1	4	4	4	DD	5.75	6	4.75	4.666666667	4	4	3	5.2	5	4	0.375	1	0.65	365	0.375	1	0.7	94	0.625	1	0.25	876
China	Ningbo	1	18	24	1	2	1	3	6	1	CD	5.25	6.5	6.5	5	4.333333333	6.25	6	6.4	6.25	5.25	0.875	0.6	0.7	424	1	0.084745763	0.2	301	0.9375	0.254901961	0.2	1158
China	Ningbo	1	19	22	2	1	1	4	5	4	CD	5.5	6.833333333	5.75	4.666666667	5.333333333	6.25	5	5.2	6.25	3.5	0.4375	0.875	0.6	514	0.6875	0.956521739	0.35	176	0.6875	1	0.1	821
China	Ningbo	1	20	21	2	0	1	7	6	2	CD	5	5.166666667	6	5	5.333333333	6.75	6.333333333	6	5	4	0.4375	0.866666667	0.65	455	0.625	0.692307692	0	231	0.375	0.411764706	0.25	1159
China	Ningbo	3	1	21	2	0	1	2	6	0	CC	7	6	7	7	6.666666667	7	6.333333333	7	6.5	6	0.3125	1	0.9	589	0.4375	0.217391304	0.3	208	0.25	0.428571429	0.25	1072
China	Ningbo	3	2	21	2	0	1	5	4	4	CD	5	5.666666667	5.25	2	2.666666667	5.75	4.666666667	5.4	6.5	2.75	0	NA	0.55	597	0	NA	0.6	255	0.3125	0	0.7	569
China	Ningbo	3	3	19	2	0	1	4	5	4	CC	6.5	6.5	5.75	4.333333333	5	4.25	1.666666667	6.4	6.5	5.25	0.25	1	0.65	441	0.25	1	0.6	441	0.375	0	0.45	822
China	Ningbo	3	4	18	2	1	1	4	5	3	DC	5.75	4.666666667	4.5	4	6.666666667	4.25	4.333333333	5.8	5.25	4.25	0.5	0.8	0.85	638	0.625	1	0.7	328	0.1875	0.714285714	0.2	912
China	Ningbo	3	5	19	2	0	1	4	6	4	CC	6.25	6.833333333	7	6.333333333	7	4.75	2.666666667	6	6.5	3.5	0.3125	0.833333333	0.65	396	0.3125	1	0.45	95	0.1875	0.090909091	0.6	433
China	Ningbo	3	6	18	1	0	1	5	4	2	CC	5.5	5.666666667	6	5.666666667	5.333333333	5.25	4.666666667	5.6	5	5	0.5625	1	0.75	352	0.375	1	0.7	199	0.5625	0.24137931	0.15	744
China	Ningbo	3	7	18	2	0	1	7	4	1	DD	4.75	5	5.25	3	1.333333333	6.5	3.333333333	6.4	6.25	3	1	1	0.8	442	1	0.357142857	0.2	365	0.6875	0.466666667	0.25	947
China	Ningbo	3	8	18	2	0	1	4	5	2	CD	5.75	7	5.25	4.666666667	6	6.5	4.333333333	5.4	6.75	4	0.3125	0.052631579	0.7	531	0.1875	0	0.4	389	0.0625	0	0.2	914
China	Ningbo	3	9	21	2	0	1	5	3	2	CC	6	6.5	5.25	4	5	6.5	3.666666667	7	6.5	5.5	0.875	1	0.4	395	1	0.333333333	0.5	355	1	0.28	0.25	1020
China	Ningbo	3	10	18	2	0	1	4	2	1	CC	5	5	5	5	5.333333333	5	4.333333333	4.8	5.25	3.75	0.125	1	0.7	505	0.125	1	0.35	278	0.375	0	0.25	1113
China	Ningbo	3	11	22	2	1	1	1	5	1	DD	6.5	7	7	7	7	6.75	5.666666667	6.2	6.25	4	0.6875	1	0.75	285	0.8125	0.368421053	0.45	103	0.75	0.263157895	0.3	759
China	Ningbo	3	12	21	1	0	1	5	3	0	DD	6	4.833333333	6.75	5.666666667	5.666666667	6.75	5.333333333	3.2	4	2.25	0.8125	0.733333333	0.7	346	0.9375	0.090909091	0.4	145	0.5	0.142857143	0.15	952
China	Ningbo	3	13	21	2	0	1	6	6	1	CD	5.75	6.333333333	5.25	4.666666667	4	4.25	2.666666667	5.6	6.5	3.5	0.9375	0.764705882	0.75	448	1	0.684210526	0.25	449	0.75	0.846153846	0.35	707
China	Ningbo	3	14	18	2	0	1	3	5	3	DC	4	4.5	5	5.666666667	5.666666667	5	4.333333333	5.2	5.75	2.25	0.5	1	0.55	453	0.4375	1	0.4	338	0.1875	1	0.25	912
China	Ningbo	3	15	23	2	0	1	4	2	0	CC	6.5	5.833333333	4.5	5.333333333	6.666666667	4.75	3.333333333	2.6	5.25	4.25	0.5625	1	0.6	454	0	NA	0.15	284	0.5625	0	0.5	955
China	Ningbo	3	16	19	2	0	1	5	5	0	CD	5	6.333333333	6.25	5.333333333	6	6.25	3	6.8	6.5	4	0.6875	1	0.7	308	0.125	1	0.55	374	0.625	1	0.55	798
China	Ningbo	3	17	21	2	0	1	6	2	0	CD	5	4.5	7	6.666666667	6.666666667	4.5	5.333333333	2.6	3.75	1.75	0.75	0.2	0.4	99	0.5625	0	0.6	368	0.5	0.3125	0.2	1018
China	Ningbo	3	18	20	2	1	1	4	2	0	CD	6.25	5.833333333	5.5	6	6.333333333	7	5.333333333	5.2	6	3.5	0.75	0.021276596	0.65	256	0.75	0.130434783	0.7	418	0.4375	0.571428571	0.25	1056
China	Ningbo	3	19	18	2	0	1	6	5	0	CD	5.5	6	6	4.333333333	6.333333333	5.75	3.333333333	5.8	5.75	4.75	0.3125	1	0.6	255	0.5	1	0.3	294	0.125	1	0.25	930
China	Ningbo	3	20	20	2	0	1	6	4	1	CD	4	5	5.75	5.666666667	5.666666667	5.75	6	4.2	6.25	3.25	0.5625	1	0.75	429	0.5	1	0.2	511	0.3125	1	0.3	739
China	Ningbo	3	21	23	1	NA	1	3	5	0	DD	4.5	4.666666667	4.5	5	5	5.25	4.666666667	5	5	3.75	0.875	1	0.65	301	0.9375	1	0.35	518	0.5625	0.24137931	0.25	789
China	Ningbo	3	22	20	2	0	1	5	4	2	CC	5.75	6.166666667	5.75	3.666666667	6.333333333	6.5	4	5.8	6	4.5	0.625	1	0.75	540	0.375	1	0.35	453	0.375	0.263157895	0.45	669
China	Ningbo	3	23	19	2	0	1	3	2	2	CD	5.5	6.166666667	5.25	4	6	4.75	2.666666667	5.8	5.5	4.75	0.1875	0.5	0.6	483	0.4375	0.473684211	0.05	360	0.625	0.290322581	0.55	503
China	Ningbo	3	24	20	2	0	1	3	6	2	DD	4.5	5.333333333	3.75	5.333333333	5	6	6	6	5.25	3.5	0.875	0.631578947	0.65	534	0.625	0.516129032	0.5	388	0.3125	0.428571429	0.3	656
China	Ningbo	3	25	19	2	0	1	6	4	0	CC	5.25	5.5	6	3	5.333333333	5.25	6	4.8	5.25	3.25	0.0625	1	0.75	422	0	NA	0.15	428	0.0625	0	0.2	1104
China	Ningbo	3	26	20	2	0	1	6	6	3	DD	4.5	4.833333333	5.75	3.666666667	4.666666667	4.25	4.333333333	5.4	4.5	3.25	0.625	1	0.85	264	1	1	0.55	289	0.625	1	0.35	722
China	Ningbo	3	27	20	2	0	1	5	3	2	CD	5.75	6	5.75	5	6.333333333	5.25	3.666666667	5.8	5.75	4.25	0.0625	1	0.6	417	0.0625	1	0.9	159	0.0625	1	0.35	1062
China	Ningbo	3	28	20	2	0	1	6	3	2	CD	4.75	5.166666667	5.5	3.666666667	5.333333333	5	4.666666667	6.2	5.5	3.5	0.4375	1	0.95	624	0.5625	0.125	0.15	259	0.5625	0.384615385	0.45	776
China	Ningbo	3	29	18	1	6	1	5	6	2	CC	5.25	5.5	5.5	5.333333333	5.333333333	6.75	6	6.6	6.75	2.75	0.5625	0.5	0.85	555	0.4375	0.166666667	0.4	304	0.75	0.534883721	0.7	515
China	Ningbo	3	30	18	1	0	1	1	5	0	CD	5.5	6.333333333	6.5	5.666666667	6.666666667	7	6.666666667	6.6	6	4.25	0.625	1	0.8	531	0.625	1	0.5	200	0.375	1	0.3	1074
China	Ningbo	4	1	20	2	0	2	4	3	1	CC	5.5	4	4.5	5.333333333	5.333333333	6	5	4.4	5	4.25	0.25	1	0.65	426	0.4375	1	0.25	507	0.25	1	0.05	1198
China	Ningbo	4	2	21	2	0	1	5	6	2	CD	6	5.5	6	3	4	4.5	4.333333333	6	6.75	6	0.6875	1	0.8	387	0.5625	0.058823529	0.2	436	0.5	0	0.25	846
China	Ningbo	4	3	20	2	0	1	5	4	1	CD	6	6.666666667	6.25	4.666666667	6	6.5	5.666666667	6.8	6.75	5.25	0.5625	1	0.6	282	0.75	0.548387097	0.55	121	0.625	0.142857143	0.25	1030
China	Ningbo	4	4	18	2	0	1	3	6	2	CC	6.75	7	5.25	5	6	4.5	3.333333333	6.2	7	5.5	0.5	0.103448276	0.65	552	0.9375	0.25	0.7	450	0.25	0.230769231	0.1	1071
China	Ningbo	4	5	22	1	1	1	2	5	1	CD	6	6.5	6.25	6.333333333	6	6.5	6	5.6	6.5	4.75	0	NA	0.5	341	0.0625	0	0.5	346	0.0625	0	0.1	1176
China	Ningbo	4	6	21	2	0	1	5	5	2	CD	3.75	5	5	4	3	6.5	6.333333333	6.4	6.5	4	0.625	0.590909091	0.5	343	0.625	0.052631579	0.15	468	0.375	0	0	1217
China	Ningbo	4	7	18	2	0	2	4	4	1	CD	5.25	4.333333333	5.25	3.666666667	5.333333333	5	4	5.8	5.5	4.75	0.3125	1	0.55	364	0.5	0.6	0.55	207	0.25	0.214285714	0.1	1095
China	Ningbo	4	8	20	2	1	1	5	3	0	CC	5.75	5.833333333	6	6.666666667	6.666666667	4.25	5	5.2	5	5.25	0	NA	0.55	357	0.3125	0	0.55	242	0.3125	0.111111111	0.25	1144
China	Ningbo	4	9	21	1	0	1	3	5	0	CD	5.75	5.166666667	6.25	6.333333333	6.333333333	6	5	5.4	5.25	5	0.8125	1	0.6	360	0.9375	0.071428571	0.3	318	0.5625	0.125	0.3	965
China	Ningbo	4	10	18	2	0	1	2	2	0	CC	6	4.833333333	7	7	7	4.5	4.666666667	4.2	3	4.5	0.25	1	0.7	269	1	0	0.45	425	0.5625	0	0	1318
China	Ningbo	4	11	19	2	2	1	7	6	2	CC	7	6.666666667	4.75	4.333333333	6.333333333	4.25	1	4.2	5.5	4.75	0.8125	1	0.5	293	0.875	1	0.25	263	1	1	0.25	1084
China	Ningbo	4	12	21	2	0	1	6	6	3	CD	5.25	5.5	5.75	4.666666667	5.666666667	4.5	2.666666667	5.6	6.25	4.5	0	NA	0.65	389	0.5	0.333333333	0.6	397	0.4375	0	0.05	883
China	Ningbo	4	13	19	2	0	1	6	6	2	CD	5.5	7	6.75	6.333333333	7	7	4.666666667	6.4	5.75	5	1	0.391304348	0.6	406	1	0.163636364	0.2	212	0.75	0.11627907	0.15	1122
China	Ningbo	4	14	20	2	0	1	6	5	0	CD	6	6.333333333	6.75	5.666666667	6.333333333	6	4	5.6	6.5	5	0.75	1	0.65	554	0.5	0.28	0.35	338	0.3125	0.333333333	0.05	1125
China	Ningbo	4	15	18	2	0	1	5	5	0	CD	5	4	4.5	3.333333333	5.333333333	4.25	2	4.6	4.75	3	0.8125	0.793103448	0.5	293	0.5625	1	0.6	146	0.1875	0.2	0	1317
China	Ningbo	4	16	19	2	0	1	3	2	0	DD	5	6.333333333	6.75	6.333333333	6.333333333	6	6	4.4	4.5	3	1	1	0.85	473	0.0625	0	0.05	556	0.3125	1	0.05	1213
China	Ningbo	4	17	20	2	0	1	5	3	1	CC	4	4.666666667	5.5	4.333333333	5.333333333	5	3.666666667	4.6	5.75	2.75	0.625	0.769230769	0.75	366	0.9375	0.176470588	0.4	260	0.5	0.206896552	0.2	905
China	Ningbo	4	18	18	1	0	1	6	7	0	CC	6	6	4.5	3.333333333	1.666666667	5.75	3.666666667	4	6.75	4.25	1	0.857142857	0.6	310	1	0	0.1	626	0.9375	0.071428571	0.2	1049
China	Ningbo	4	19	22	2	0	1	2	1	0	CC	6.25	6	6.25	5.666666667	6.333333333	5.75	4.333333333	4.4	4.25	2.75	0	NA	0.5	217	0	NA	0.15	394	0	NA	0.05	1118
China	Ningbo	4	20	21	2	0	1	3	5	1	DD	5.75	6.166666667	4.5	3.666666667	5	4.25	4.666666667	5.2	6.5	4.25	0.5	1	0.65	446	0.375	1	0.1	426	0.3125	0.428571429	0.2	926
China	Ningbo	4	21	21	2	3	1	2	6	0	DD	6.5	6.333333333	6.75	7	7	7	3	4.8	5.25	2	0.4375	1	0.3	248	0.625	1	0.8	346	0.3125	1	0.4	703
China	Ningbo	4	22	21	1	0	1	5	4	2	CD	4.5	5.166666667	6.25	4.333333333	4.666666667	6	6	6.4	5.25	5.25	1	1	0.65	410	1	1	0.2	206	1	1	0.1	968
China	Ningbo	4	23	20	2	0	2	5	4	1	DD	4	4.166666667	4.5	3	3.666666667	4.5	3.666666667	4.8	4.5	3	0.1875	1	0.7	517	0.1875	1	0.25	173	0.25	1	0.15	1124
China	Ningbo	4	24	21	2	2	2	4	4	4	CD	5.5	6.5	6.25	6.333333333	6.333333333	6	6.666666667	5	6.5	5.25	1	1	0.65	449	0.4375	1	0.6	266	0.375	1	0.05	1221
China	Ningbo	4	25	19	2	0	1	3	6	2	CD	4.75	5.333333333	6	5.666666667	6	6.5	5	4.6	6	3.5	1	0.20754717	0.65	267	1	0.015873016	0.4	194	0.5	0.103448276	0.15	1108
China	Ningbo	4	26	19	2	0	1	4	3	1	DD	4.5	5.333333333	6	5	6	6.75	6.333333333	6	6.25	3.25	0.375	1	0.6	574	0.25	1	0.4	488	0.375	1	0.05	1249
China	Ningbo	4	27	20	2	1	1	6	4	2	CD	5	5.833333333	4.5	5.333333333	5.333333333	4.75	4	6	7	4.5	0.75	1	0.7	465	0.625	0	0.85	209	0.8125	0.06122449	0.2	883
China	Ningbo	4	28	21	2	1	1	3	5	1	CC	6.75	7	6.5	6	6.333333333	6.75	6.333333333	6.2	7	6.25	0.875	1	0.65	478	0.875	0.166666667	0.85	382	0.625	0.081081081	0.25	1134
China	Ningbo	4	29	19	2	0	1	4	6	3	CD	5.25	6.166666667	6.5	5.333333333	4.333333333	4.75	3.666666667	6	6.75	5.75	0.9375	0.245283019	0.7	699	0.6875	0.375	0.45	358	0.8125	0.7	0.15	1122
China	Ningbo	4	30	21	2	0	1	1	4	1	CC	5.75	6	5.5	6	4.333333333	6.5	5.666666667	5.4	6.25	3.5	0.25	1	0.6	337	0.375	0	0.8	-58	0.3125	0	0.35	723
China	Ningbo	5	1	23	2	0	1	6	5	1	CD	6.5	5.5	5.75	5	5.333333333	4.75	3.333333333	5.8	6.75	4.75	0	NA	0.65	431	0.0625	1	0.75	371	0	NA	0.25	1084
China	Ningbo	5	2	23	2	0	1	5	4	0	DD	5	5.666666667	6	4	7	6.25	5.333333333	6.6	6	2.75	0.3125	0.538461538	0.6	429	0.125	0.333333333	0.3	128	0.125	0.142857143	0.3	1000
China	Ningbo	5	3	19	1	0	2	3	6	1	CC	5.5	5.666666667	5.25	6.333333333	6	6.75	6.333333333	5.4	4.5	4.25	0.9375	1	0.75	413	0.6875	1	0.8	483	1	1	0.2	1089
China	Ningbo	5	4	19	1	0	1	1	4	1	CD	6.25	6.5	5.25	6.333333333	5.666666667	6.25	6.666666667	6	5.25	4.25	0.8125	1	0.6	450	1	0.828571429	0.4	190	0.8125	0.333333333	0.2	1068
China	Ningbo	5	5	19	2	NA	1	5	5	1	CC	5.5	7	6.75	5.666666667	7	5	5.666666667	6	5.75	3.75	0.1875	1	0.6	325	0.25	0.454545455	0.6	46	0.5	0.125	0.05	1163
China	Ningbo	5	6	20	2	0	1	6	6	1	CD	5	5.333333333	4	5.333333333	6.333333333	4	2.666666667	3.8	4.75	3.25	0.375	1	0.45	248	0.5625	0.058823529	0.25	284	0.4375	1	0.05	1070
China	Ningbo	5	7	20	2	0	1	5	4	1	CD	5.5	6.666666667	6	4.666666667	4.666666667	4.5	4	6.2	5.5	4	0.25	1	0.7	540	0.375	0.333333333	0.25	179	0.25	0.333333333	0.35	929
China	Ningbo	5	8	19	2	0	1	5	5	0	CD	3	4	5.5	5	3.666666667	6	5.333333333	5.6	5	3	0.25	1	0.8	286	0.1875	1	0.1	298	0.5	1	0.25	1035
China	Ningbo	5	9	22	2	1	1	6	4	0	CD	6.5	5.833333333	3.5	4	4.333333333	3	1.666666667	5.6	6.25	4.25	0.4375	1	0.4	146	0.1875	0.5	0.05	292	0.3125	0	0.1	1104
China	Ningbo	5	10	19	1	0	1	6	5	1	CD	6.25	4.333333333	5.5	2.666666667	3.333333333	5.5	4.333333333	4.8	4.25	3	0.5	1	0.5	305	0.1875	0	0.55	353	0.1875	0	0.25	834
China	Ningbo	5	11	21	1	0	1	1	6	0	DD	7	5	7	3	6.333333333	4.75	4.333333333	5.8	5.5	4	1	0.142857143	0.75	570	1	0.084745763	0.7	50	1	0.084745763	0.3	885
China	Ningbo	5	12	20	2	0	1	4	5	2	CD	7	2.666666667	5.5	5	6.666666667	6.5	5.333333333	2.8	4.5	2.75	0.5625	1	0.4	267	0.25	1	0.05	475	0.375	1	0	1161
China	Ningbo	5	13	20	2	3	2	5	7	0	CC	4.75	6.833333333	6	3.333333333	5	5.25	3	6	5.25	5.25	0.375	1	0.4	379	0.5625	1	0.8	393	0.25	1	0	1376
China	Ningbo	5	14	22	1	0	1	6	6	0	CD	4.75	4.833333333	4.25	2.333333333	3.666666667	5.75	3.333333333	4.6	5.75	4	0.4375	1	0.45	258	0	NA	0	413	0.125	1	0.25	1031
China	Ningbo	5	15	22	2	0	2	5	4	0	CD	3	5.166666667	2.25	2.333333333	4	6.75	4.333333333	5.6	6	5.25	0.6875	1	0.85	583	0.5625	1	0.45	291	0.5	0.6	0.2	1097
China	Ningbo	5	16	20	2	0	1	4	5	0	CD	3.25	4	5.25	2.333333333	5	4	3	4.4	5	3.75	0.5	0.9	0.8	456	0.625	1	0.65	434	1	1	0.05	1131
China	Ningbo	5	17	23	2	0	1	7	3	1	CD	6.25	7	6.25	6.333333333	7	7	6	5.6	5.75	4.75	0.5625	1	0.45	316	0.4375	1	0.25	315	0.3125	1	0.2	1068
China	Ningbo	5	18	20	2	0	1	5	2	0	CD	6.75	6.833333333	7	6.666666667	7	6	5.333333333	4.8	3.75	3.75	0.25	0.777777778	0.65	264	0.25	0.6	0.65	376	0.125	0.6	0.25	1133
China	Ningbo	5	19	21	2	0	1	5	5	1	CD	5.75	5.833333333	6	3.666666667	5	5	4.666666667	6.8	5	5	0.125	1	0.6	440	0.125	1	0.2	88	0.0625	1	0.1	904
China	Ningbo	5	20	20	1	0	1	5	2	1	CD	5.5	5.333333333	6.25	4.666666667	5.666666667	3.75	4	4.2	5.25	3.5	0.5625	1	0.5	430	0.4375	0	0.55	246	0.3125	0	0.3	854
China	Ningbo	5	21	22	1	0	1	3	4	1	CD	6.25	6.166666667	5	4	6.333333333	5.75	5.333333333	5.2	5.5	4	0.8125	1	0.95	524	0.1875	0	0.05	331	0.625	0.052631579	0.3	981
China	Ningbo	5	22	19	1	0	1	4	5	0	CD	6	5.833333333	6	3	4.666666667	6	4	7	5.5	5	1	1	0.6	432	1	1	0.05	317	0.6875	1	0.3	842
China	Ningbo	5	23	22	2	0	1	6	4	0	DD	4.25	5.333333333	6.5	4	3.333333333	5.75	5.666666667	3.8	4.25	4.25	0	NA	0.55	447	0.125	0.333333333	0.2	121	0	NA	0.1	990
China	Ningbo	5	24	18	2	1	1	5	6	1	CD	6	6	5.75	5.666666667	5.333333333	5.5	3.666666667	5.4	6.25	4.25	0.5	1	0.75	377	0.5	1	0.75	372	0.375	0	0.15	1005
China	Ningbo	5	25	19	2	0	2	5	6	2	CC	6	6.5	6.5	5.333333333	5.666666667	5	4.666666667	5.4	6.5	4.5	0.875	0.806451613	0.75	327	0.5625	0.090909091	0.35	380	0.5	0.142857143	0.25	832
China	Ningbo	5	26	20	2	1	1	6	3	0	CD	5	4.333333333	4.25	3	3.666666667	4.5	2.333333333	4.8	6	5.25	0.5625	1	0.75	435	0.5625	1	0.7	241	0.25	1	0	1407
China	Ningbo	5	27	20	2	0	1	5	6	2	CC	4.25	4	4.25	4.666666667	4.333333333	4.5	4.333333333	4.6	5.5	3.75	0.375	1	0.6	405	0.3125	1	0	404	0.375	0	0.15	1062
China	Ningbo	5	28	22	2	0	2	4	6	0	CD	5.5	6.333333333	6.25	5	5	6.25	6.333333333	5.6	6.25	4.25	1	0.5	0.65	440	1	0.28	0.4	168	1	0.306122449	0.3	1057
China	Ningbo	5	29	21	1	1	1	3	3	1	CD	3	4	2.25	4.333333333	2	2.25	2	2.2	2.5	2.5	0.6875	1	0.65	476	0.9375	1	0.1	352	0.625	1	0.2	1049
China	Ningbo	5	30	21	2	1	1	5	3	0	CD	5	5.833333333	5.5	4.666666667	6	6.25	5.333333333	4.8	5.75	4	0.0625	0.5	0.45	430	0.5625	0.461538462	0.7	136	0.375	0.043478261	0.25	1061
China	Ningbo	6	1	22	2	0	1	6	3	2	CC	5.75	6.333333333	7	6.666666667	7	6.25	6.666666667	5.6	5	4.25	1	1	0.65	372	0.5625	0.222222222	0.1	324	0.625	0	0.15	1029
China	Ningbo	6	2	23	2	0	1	6	5	0	CD	5.5	5.5	4.75	4.333333333	5.666666667	5.75	4.333333333	5.4	6.25	4.25	0.5625	1	0.75	544	0.875	0	0.5	329	0.625	0.111111111	0.2	1002
China	Ningbo	6	3	21	2	0	1	2	3	0	CD	6.5	5.166666667	6	5.666666667	6.333333333	4.25	3.333333333	4	4.75	3.75	0.4375	1	0.7	232	0.1875	1	0.25	332	0.1875	1	0.25	872
China	Ningbo	6	4	20	1	0	2	4	5	99	CD	6	6.833333333	6.25	4.333333333	5	6.5	5.666666667	6.2	7	6	0.3125	0.857142857	0.95	588	0.6875	0.444444444	0.2	241	0.5	0.538461538	0.05	1011
China	Ningbo	6	5	22	2	0	1	5	6	1	CD	5.5	5.5	5	5.333333333	5.666666667	5.5	4	5.2	6	5.5	0.5625	0.535714286	0.65	371	0.1875	0	0.05	306	0.375	0	0.4	747
China	Ningbo	6	6	19	2	0	1	2	5	0	CC	6.75	6	7	6.666666667	6	7	6.333333333	6	6.25	3.25	1	0.6	0.65	402	1	0.6	0.45	336	0.875	0.4	0.4	856
China	Ningbo	6	7	20	2	0	1	7	5	3	DD	5.75	6	6.25	5.333333333	5	7	7	5.8	6.25	3.25	0.875	0.724137931	0.7	269	0.9375	0.428571429	0.2	347	1	0.488372093	0.2	874
China	Ningbo	6	8	22	2	0	1	3	6	0	CD	4.25	5.333333333	6	4.333333333	6.333333333	3.75	4	3.4	4.25	3	0.3125	0.2	0.6	313	0.875	0.111111111	0.45	274	0.375	0	0.1	1129
China	Ningbo	6	9	19	2	0	1	5	3	0	DD	5	5.833333333	6.25	5	4.666666667	5.5	5	3.2	4.25	3	0.3125	1	0.9	430	0.4375	1	0.25	232	0.3125	1	0.3	911
China	Ningbo	6	10	23	1	0	1	6	6	1	CC	5.5	6	6	4.333333333	5.333333333	5.5	4.666666667	5	6	4.25	0.6875	1	0.65	626	0.9375	1	0.15	151	0.75	0.92	0.15	1260
China	Ningbo	6	11	21	2	0	1	5	6	4	CC	5.5	4.5	6.25	7	6.333333333	6.25	7	5	6	4	0.875	1	0.85	392	0.9375	0.176470588	0.45	181	0.5625	0	0.4	945
China	Ningbo	6	12	21	1	0	1	6	6	0	CD	6.5	6.666666667	7	5.666666667	6	7	6.333333333	6.8	6.75	3	0.75	1	0.8	525	0.4375	1	0.25	297	0.5	1	0.25	895
China	Ningbo	6	13	20	2	1	1	4	4	0	CD	4.75	4.166666667	5.5	4.666666667	4.666666667	6	5	5	5	4	0.625	0.333333333	0.7	552	0.4375	0.12	0.15	101	0.625	0.025641026	0.1	1070
China	Ningbo	6	14	22	2	0	2	7	6	0	CD	6.5	6.666666667	6.5	6.666666667	6.666666667	6.25	5	6.8	6.5	6.5	0.375	1	0.8	647	0.625	0.25	0.45	397	0.4375	0	0	1277
China	Ningbo	6	15	20	2	0	1	5	3	0	DD	5.5	5.333333333	4.5	4.666666667	5	5.5	3.666666667	4.6	5.25	4	0.625	0.909090909	0.35	318	0.1875	0.714285714	0.25	360	0.5625	0.266666667	0.3	1116
China	Ningbo	6	16	20	2	0	1	5	4	2	CD	6.5	6.333333333	5.75	3.333333333	4.666666667	5.5	3.666666667	6.6	6.5	3.75	0.25	0.333333333	0.6	457	0.1875	0.333333333	0.15	272	0.25	0.333333333	0.35	985
China	Ningbo	6	17	20	2	1	1	4	3	0	CD	5.25	5.833333333	5	4.666666667	5.666666667	7	4.666666667	5.2	6	2.5	0.3125	1	0.85	566	0.5625	1	0.1	31	0.25	1	0.1	1048
China	Ningbo	6	18	21	2	0	1	7	6	0	CD	5.5	6.333333333	4	2	4	4	1.333333333	6.2	6.5	5	0.9375	1	0.5	511	0.875	0.163265306	0.55	258	1	0	0.2	859
China	Ningbo	6	19	22	2	0	1	6	4	1	CC	4.5	5.166666667	5.5	2	6	6.75	3.666666667	6.8	7	4	0.3125	1	0.7	487	0.6875	0.333333333	0.4	132	0.375	0.333333333	0.25	1114
China	Ningbo	6	20	22	1	0	1	4	2	2	DD	5.75	5.166666667	2	5.333333333	6.666666667	7	6.333333333	5.2	5.75	3.25	0.8125	1	0.8	470	0.9375	0.764705882	0.25	111	1	0.185185185	0.35	849
China	Ningbo	6	21	22	1	0	1	5	6	5	CD	5.75	5.333333333	5.75	5	4.333333333	7	5.666666667	5.2	5.25	3.25	0.4375	0.75	0.4	222	0.75	0	0.3	234	0.5625	0.384615385	0.3	973
China	Ningbo	6	22	21	2	0	1	3	4	1	CD	5.5	5.333333333	6	6.333333333	6	5.75	4.333333333	4.6	5.75	2.75	0.5	1	0.65	494	0.9375	0	0.3	102	0.3125	0	0.1	1023
China	Ningbo	6	23	22	1	1	1	2	4	5	DD	6.25	5.333333333	7	6	5	5.5	6	4.4	5.25	3.5	1	0.7	0.6	289	0.875	0.764705882	0	110	1	0.538461538	0.4	706
China	Ningbo	6	24	19	2	0	1	4	2	1	CC	5.75	5.333333333	5.5	5.333333333	6	5.5	4	5.2	6.25	4.5	0.5	1	0.6	276	0.0625	1	0.5	185	0.1875	1	0.4	618
China	Ningbo	6	25	20	2	0	1	6	2	2	DD	6	5.666666667	6	4.666666667	5.333333333	6.75	5.333333333	6.6	6	4.5	0	NA	0.85	559	0	NA	0.3	181	0	NA	0.3	998
China	Ningbo	6	26	22	2	0	1	3	3	0	DD	6.75	6.833333333	5.5	5.666666667	6	5.5	4.666666667	5.2	6.5	4.25	0.8125	0.666666667	0.7	390	0.8125	0.35	0.45	296	0.625	0.885714286	0.35	829
China	Ningbo	6	27	21	1	0	2	7	5	1	CD	3.75	5	3.25	3	4	3.5	3.666666667	4.6	4.75	5.5	1	1	0.85	317	0.75	0.11627907	0.45	283	0.875	0.037037037	0.2	950
China	Ningbo	6	28	21	2	NA	1	6	4	4	DC	5.5	4.666666667	6	4	6	4.5	3.666666667	5.2	5.5	5	0.625	1	0.65	383	0.8125	0.444444444	0.3	248	0.75	0.411764706	0.3	988
China	Ningbo	6	29	21	2	0	1	3	6	0	CC	4	5.666666667	6.5	6.333333333	6.333333333	6.5	6	6.6	5.5	2.5	0.625	0.323529412	0.55	478	1	0.434782609	0.4	92	0.9375	0.742857143	0.1	1076
China	Ningbo	6	30	22	2	0	1	4	5	1	CD	5.25	5.666666667	6.25	4.666666667	5.666666667	4.75	5	5.6	6	4	0.625	1	0.7	399	0.5625	1	0.1	213	0.4375	0.75	0.15	999
China	Shanghai	1	1	24	2	1	1	4	4	1	CD	5.25	6.666666667	6.75	5	6	4.5	3.333333333	6.6	5.75	4	0.375	1	0.7	606	0.375	1	0.45	198	0.3125	1	0.05	1446
China	Shanghai	1	2	23	1	0	1	6	1	0	CC	4	4	3.75	3.333333333	4	4	4	3.8	4.5	4.5	0.5625	0.818181818	0.7	325	0.3125	0.555555556	0.05	273	0.1875	0.5	0.05	1126
China	Shanghai	1	3	25	1	0	1	7	4	2	DD	6	5.666666667	7	5.666666667	5	7	7	6.2	7	2.5	0.5	1	0.95	613	0.0625	1	0.15	177	0.1875	1	0	1198
China	Shanghai	1	4	26	1	0	1	5	4	0	CD	5	5	5	4.666666667	4.666666667	5	4.666666667	5	5	4.5	0.5	1	0.8	375	0.1875	1	0	276	0.3125	1	0.35	845
China	Shanghai	1	5	25	2	0	1	6	4	0	CD	3	3.333333333	3.75	1.666666667	4.333333333	6	4	5.6	6	4.25	0.25	0.5	0.45	356	0.625	0.025641026	0.35	390	0.5	0.066666667	0.3	890
China	Shanghai	1	6	21	2	0	1	5	3	1	CC	6	5.5	6.25	5	5.333333333	4	3.666666667	6	6	5.25	0.1875	1	0.45	222	0.3125	1	0.7	301	0.1875	1	0.05	1048
China	Shanghai	1	7	23	1	0	2	1	2	2	CC	6	5.666666667	5.5	4.666666667	4	5.5	4.666666667	6.2	6.25	4.5	0.625	1	0.95	510	0.0625	1	0	436	0.5	0.333333333	0.15	984
China	Shanghai	1	8	23	1	1	1	3	2	0	CD	5.75	6.5	6	3.333333333	5.333333333	5.5	5.333333333	6.6	5.75	4.25	0.75	1	0.75	574	0.6875	0.047619048	0.45	107	0.625	0.111111111	0.6	735
China	Shanghai	1	9	23	1	1	1	2	4	0	CC	6.25	4.833333333	6.75	6.666666667	5.333333333	6.75	6	5.2	5	1.75	0.6875	0.620689655	0.6	265	0.875	0.806451613	0.15	229	0.4375	0.473684211	0.7	345
China	Shanghai	1	10	22	1	5	1	5	6	1	CC	4	4	4	4	4	4.5	3.666666667	4	4	4	0.3125	1	0.75	494	0.5	1	0.3	-82	0.4375	0	0.35	763
China	Shanghai	1	11	25	1	0	1	3	6	2	CD	6.25	5.833333333	4.5	4.666666667	6	6	5.333333333	5.2	6	3.25	0.875	0.422222222	0.65	266	0.9375	0.185185185	0.5	97	0.8125	0.4	0.15	1251
China	Shanghai	1	12	23	1	NA	1	5	4	0	CC	6.5	6.5	6.5	5.333333333	5.666666667	4.75	2.333333333	5.2	6	4.75	0.8125	0.733333333	0.6	384	1	0.7	0.65	164	0.9375	0.6	0.2	966
China	Shanghai	1	13	24	2	0	1	6	5	0	CD	6.25	6.833333333	6.5	4.333333333	6.666666667	3.25	3.666666667	5.2	6.25	4.25	0.875	0.75	0.5	327	1	0.684210526	0.4	191	1	1	0.25	691
China	Shanghai	1	14	23	1	1	1	6	5	2	CC	5.5	6.5	5.5	4.666666667	6.333333333	6	2.333333333	4.8	5	3.75	0.8125	1	0.7	521	0.5	1	0.9	334	0.3125	1	0.75	610
China	Shanghai	1	15	24	1	2	1	4	2	4	CC	3.75	3.5	4.75	5	3.333333333	4.75	3	4	4.25	4.75	0.9375	0.777777778	0.45	304	1	0.185185185	0.2	73	0.5625	0.125	0.35	962
China	Shanghai	1	16	22	2	0	1	3	4	1	CD	6.25	6.333333333	6.5	4.666666667	5.666666667	6	3	5.8	5	3.5	0.5	1	0.8	567	0.75	1	0.55	274	0.3125	1	0.05	1139
China	Shanghai	1	17	18	1	1	1	6	2	0	DD	5.5	6.833333333	5.5	2.666666667	6.666666667	4.5	3.666666667	6.8	5.75	2.5	0.5	0.882352941	0.75	418	0.125	0.333333333	0.15	175	0.3125	0.1	0.05	1247
China	Shanghai	1	18	22	1	2	1	3	4	0	CC	5.5	5.833333333	6	5.666666667	5.666666667	6	4.666666667	6	5	4	0.9375	1	0.65	497	1	1	0.45	235	0.5625	0.125	0.25	992
China	Shanghai	1	19	22	1	0	1	2	4	5	CD	6	5.166666667	5.5	6	6	6	4.333333333	5.4	6	3.75	0.625	1	0.7	342	0.625	1	0.15	350	0.5625	1	0.4	657
China	Shanghai	1	20	23	1	0	1	6	5	4	CD	5.5	6	4.5	3.333333333	4.333333333	4.5	3.333333333	6.4	5.5	3.5	0.4375	1	0.85	549	0.5625	0.058823529	0.2	246	0.4375	0	0.05	1158
China	Shanghai	2	1	25	1	0	1	6	4	0	CD	5.5	5.666666667	4.75	4.333333333	5.666666667	5.5	2	4.6	5.25	2.25	0.3125	1	0.7	488	0.125	1	0.05	360	0.0625	1	0.3	1224
China	Shanghai	2	2	25	1	1	1	6	6	1	CD	4.5	5.166666667	5.25	4.666666667	4.666666667	5.75	5	4.8	4.75	4.25	0.375	1	0.7	382	0.0625	1	0.2	252	0.5625	0.8	0.3	906
China	Shanghai	2	3	21	1	1	1	4	4	2	CD	6	5.5	6	4.666666667	5.666666667	6.25	6	6	6.25	3.25	0.75	1	0.8	474	1	0.882352941	0.15	293	0.625	0.176470588	0.05	1069
China	Shanghai	2	4	24	1	1	2	5	4	1	DD	6	6	5.25	4.666666667	4.333333333	4.75	2.666666667	5.8	5.5	6	1	1	0.55	286	1	1	0.65	402	0.75	1	0.15	1003
China	Shanghai	2	5	22	2	0	1	6	5	0	CD	3.5	4.833333333	5	3	5	4	2.333333333	4.2	5.25	4.5	0.75	1	0.9	424	0.0625	1	0	292	0.3125	0	0.2	1066
China	Shanghai	2	6	25	1	0	1	1	5	1	CD	6.75	6.833333333	6.75	6.666666667	6.666666667	6.75	6.333333333	7	6.75	6.75	0.75	0.083333333	0.55	323	1	0.015625	0.4	193	0.375	0	0.5	843
China	Shanghai	2	7	22	1	0	1	2	6	0	CC	6	6.666666667	6.5	3.333333333	5	5.75	2.333333333	4.8	6	4.25	0.875	1	0.55	368	0.75	1	0.45	272	0.4375	0	0.25	1042
China	Shanghai	2	8	23	2	1	1	2	2	2	CC	6.5	5.333333333	5.75	5.333333333	4.666666667	5.75	5.333333333	6	5.5	5.5	0	NA	0.65	501	0.0625	1	0.5	331	0	NA	0.25	936
China	Shanghai	2	9	22	2	0	1	3	3	0	CD	4.5	4.833333333	6.75	6	4.666666667	5.75	5.333333333	4	5.75	3	0.625	1	0.55	404	0.8125	0.333333333	0.2	199	0.4375	0	0.35	864
China	Shanghai	2	10	24	2	0	1	5	5	2	CC	5.75	4.833333333	5.25	3.666666667	4.333333333	5.5	5.333333333	5	5	3.75	0.75	0.371428571	0.7	311	0.5625	0.333333333	0.2	200	0.5	0.333333333	0.1	1006
China	Shanghai	2	11	23	1	2	1	4	5	1	CC	3.75	4	4	4	4.333333333	4	4	4	4	4	0.125	0.333333333	0.65	495	0.0625	1	0.35	166	0.25	0.230769231	0.25	997
China	Shanghai	2	12	23	1	0	1	2	5	0	CD	6.75	7	6.5	5.666666667	4.333333333	6	4.333333333	6.6	6.25	4	0.875	0.018181818	0.55	373	0.625	0.25	0	381	0.5	0	0.25	922
China	Shanghai	2	13	23	1	2	1	6	4	1	CC	6	5	4.5	3.666666667	3	5.75	4	5.8	6	3.25	0.875	1	0.6	297	0.1875	1	0.55	290	0.25	1	0.3	958
China	Shanghai	2	14	22	2	1	1	6	7	1	CC	7	7	7	6.666666667	7	5.5	6	7	5.5	5.25	0.8125	1	0.75	328	0.875	0.076923077	0.6	432	0.625	0.025641026	0.35	726
China	Shanghai	2	15	25	2	3	1	5	4	2	CD	3.5	3.5	3	4.666666667	3	3.25	3	4	2.5	5.25	0.8125	1	0.6	415	0.6875	0.333333333	0.45	144	0.625	0.481481481	0.3	1024
China	Shanghai	2	16	21	1	0	1	7	2	0	CD	4.5	6.333333333	4.75	2.333333333	6.333333333	5.25	4	5	4.25	4.75	0	NA	0.85	537	0.125	1	0.15	182	0.0625	1	0.25	1312
China	Shanghai	2	17	23	2	0	1	3	4	1	CC	5.75	5.5	5.25	3.333333333	6.333333333	4.25	3	5.8	6.25	4	0.25	0.6	0.55	273	0.875	0	0.4	425	1	0	0.3	1046
China	Shanghai	2	18	20	1	0	1	3	6	0	CC	6	5.833333333	5	5.666666667	6.666666667	6.75	6.333333333	5	5.5	1.75	0.0625	0	0.55	373	0.0625	0	0.5	139	0.25	0.142857143	0.45	925
China	Shanghai	2	19	23	1	3	1	4	6	0	CC	5	5	6	3.333333333	4.333333333	5	3.333333333	6	5.5	4.25	0.375	0.5	0.6	287	0.125	0	0.75	279	0.3125	0.5	0.25	1035
China	Shanghai	2	20	23	2	0	1	5	2	1	CD	4	4.5	4.75	5	6.333333333	5	5	4.8	5.25	2.75	0.875	1	0.75	382	0.9375	0.153846154	0.35	427	0.5625	0.333333333	0.25	1235
China	Shanghai	3	1	24	1	0	1	2	4	0	CD	6	6.333333333	6.25	5.666666667	6.333333333	6.5	5.666666667	6.2	5.5	4.25	0.625	1	0.7	434	0.5	0.636363636	0.3	240	0.5	1	0.05	1156
China	Shanghai	3	2	24	1	1	1	4	2	4	CC	5.25	5.833333333	5	4.333333333	5.666666667	4.75	3.333333333	5.6	5.75	5.25	0.4375	1	0.55	377	0.25	1	0.4	243	0.0625	1	0.25	739
China	Shanghai	3	3	22	2	0	1	4	3	0	CD	5	6.833333333	5.75	5	5.666666667	6	2.666666667	5.8	5.5	3.5	0.4375	1	0.75	439	0.125	1	0.2	247	0.3125	0.428571429	0.2	971
China	Shanghai	3	4	24	1	1	1	2	6	0	CD	5.5	5.5	5	4.666666667	6.333333333	4.25	2.666666667	5.4	6.25	2.75	0.3125	1	0.8	489	0.375	0	0.2	593	0.4375	0	0.25	975
China	Shanghai	3	5	21	1	1	1	3	5	0	CD	6.25	6	6.25	4.666666667	4.333333333	6.5	3.666666667	6.6	7	5	0.25	1	0.4	262	0.5	1	0.25	300	0.3125	1	0.3	942
China	Shanghai	3	6	20	1	0	2	2	5	2	CD	3	2.5	4	4.333333333	3.666666667	3.5	3.666666667	3.2	2.75	2.5	0.9375	0.725	0.6	286	1	0.6	0.55	305	0.625	0.333333333	0.25	817
China	Shanghai	3	7	18	1	0	1	4	3	0	CC	6.5	5.833333333	6.25	6	6	5.75	4	5.4	5.5	4.75	0.6875	1	0.65	382	0.875	0.037037037	0.7	100	0.6875	0.419354839	0.25	852
China	Shanghai	3	8	24	2	0	1	4	5	3	DD	5.25	5.5	4.75	4.333333333	5.333333333	5.25	4.333333333	6	6.5	4.25	0.5	1	0.75	421	0.5	1	0.2	427	0.5625	1	0.35	578
China	Shanghai	3	9	25	1	0	1	3	6	0	CD	5.25	5	3.75	4.333333333	5.333333333	5.25	4.666666667	4.8	4.75	4.75	0.5	1	0.9	566	0.875	0.214285714	0.35	312	0.75	0.142857143	0.15	1025
China	Shanghai	3	10	24	1	0	1	4	5	2	CD	4.75	5.5	4.25	4	5.666666667	7	4.333333333	5	6	1.5	0.75	1	0.75	470	0.8125	0.083333333	0.3	187	0.5	0.142857143	0.35	1044
China	Shanghai	3	11	18	1	0	1	3	5	0	CD	5.25	5	4.75	4.333333333	4.333333333	5.75	5.666666667	5.8	5.75	2.25	0.375	1	0.75	479	0.375	0.6	0.3	90	0	NA	0.3	1186
China	Shanghai	3	12	20	1	0	1	6	6	0	CD	6.25	4	4	1	5	4.5	3.666666667	6	6.25	4.75	0.5625	1	0.75	397	0.75	0.11627907	0.15	154	0.5625	0.24137931	0.35	944
China	Shanghai	3	13	21	1	1	1	4	5	1	CC	5	5.666666667	5.25	5.666666667	3.666666667	5	4.666666667	5.4	5.75	4.25	0.5625	1	0.85	492	0.3125	0.111111111	0.2	358	0.5625	0.384615385	0.1	1054
China	Shanghai	3	14	19	2	0	1	3	4	1	CC	6.25	6.333333333	5.75	6.333333333	6	6	5.666666667	5.8	6.25	4.75	0.5	1	0.8	445	0.6875	1	0.1	454	0.3125	0.666666667	0.2	853
China	Shanghai	3	15	20	1	1	1	5	3	0	CC	5.25	4.666666667	6.25	6	5.333333333	6.75	5.333333333	6.6	6	4.25	0.6875	0.375	0.75	385	0.625	0	0.55	270	0.75	0.2	0.3	929
China	Shanghai	3	16	20	2	0	1	5	6	0	CD	5	4.333333333	4.25	4	4.666666667	5.25	4.666666667	4.8	4	3.25	0.75	0.714285714	0.7	297	0.625	0.212121212	0.3	243	0.25	0.066666667	0.25	1065
China	Shanghai	3	17	22	1	0	1	5	4	0	CC	6.25	6.166666667	6	3.333333333	5	5.75	4.666666667	6	6.25	5.5	0.9375	1	0.6	258	1	1	0	352	0.6875	0	0.35	918
China	Shanghai	3	18	23	2	1	1	6	5	3	CD	5	6.333333333	5	6	5	4	4	6.2	6.25	4.25	0.5	1	0.5	284	0.6875	0.375	0.45	206	0.4375	0.076923077	0.3	888
China	Shanghai	3	19	20	2	0	1	4	5	0	CC	4.75	6.666666667	7	6	3.666666667	4.75	4	5.4	5.25	4.25	0.375	1	0.8	592	0.375	0	0.7	242	0.3125	0.333333333	0.3	963
China	Shanghai	3	20	21	1	1	1	4	4	1	DD	4.5	4.833333333	4.25	4	5	3.75	4	4.6	4.5	4	0.75	0.416666667	0.75	372	0.9375	0.4	0.45	224	0.8125	0.615384615	0.3	1095
China	Shanghai	4	1	25	2	2	1	2	4	0	CC	7	7	6.25	5.666666667	6.333333333	3.75	2.666666667	5.4	6.75	5	0.0625	1	0.9	485	0.0625	1	0.75	352	0.125	1	0.2	1073
China	Shanghai	4	2	26	2	2	1	2	6	1	CC	7	6.166666667	7	6	5.666666667	6.75	3.333333333	6.2	5.5	4.75	0.5625	1	0.6	446	0.75	0.170731707	0.2	119	0.5625	0.2	0.3	1020
China	Shanghai	4	3	23	2	0	1	6	4	1	CD	5.25	5.666666667	5.75	4.333333333	6.666666667	6.5	5.333333333	6.6	6.75	5.5	0.625	1	0.7	322	0.75	0.333333333	0.55	282	0.6875	0.294117647	0.3	804
China	Shanghai	4	4	19	2	0	1	7	6	0	CD	3	4.333333333	3	3.666666667	3	6	6	5.2	4	5.25	0.1875	1	0.7	413	0.3125	0	0.1	178	0.375	0.2	0.25	966
China	Shanghai	4	5	24	2	0	1	4	6	0	CD	6	4.666666667	4.5	4.333333333	4.666666667	4.75	4.333333333	4.6	4.75	3.5	0.875	1	0.7	501	0.9375	0.818181818	0.4	208	0.625	0.833333333	0.1	1064
China	Shanghai	4	6	22	1	0	1	1	6	1	CC	6.5	6.666666667	6.25	6.333333333	6.333333333	6.5	5.666666667	6	6.5	2.75	0.0625	1	0.5	310	0.0625	1	0.45	323	0.125	0.333333333	0.25	764
China	Shanghai	4	7	21	1	0	1	6	7	0	CD	6.25	5.833333333	6.5	3.333333333	5.333333333	6.75	4	7	7	3	0.625	0.538461538	0.75	564	0.3125	0.25	0.25	49	0.25	0.333333333	0.5	717
China	Shanghai	4	8	20	1	2	1	5	5	1	CD	4.25	5.5	5	4.666666667	4.333333333	6	4	5.6	5.5	4.25	0.0625	1	0.7	352	0.5	0.185185185	0.7	446	0.3125	0	0.25	1129
China	Shanghai	4	9	19	2	2	1	4	4	2	CD	5.75	4.5	3.5	4.333333333	4	6.5	4	4.6	5	2.5	0.375	1	0.75	553	0.125	1	0.15	477	0.375	1	0.25	685
China	Shanghai	4	10	18	2	0	1	5	6	0	DD	5.75	5.5	5.25	5	5.333333333	6	5.333333333	5	5.75	4	1	1	0.55	297	0.875	0.473684211	0.3	156	1	1	0.25	619
China	Shanghai	4	11	21	1	1	1	5	3	1	CD	5	2.833333333	2.5	1.666666667	4.666666667	7	5	5.4	6.25	3.75	0.8125	1	0.65	343	0.5	0	0.05	320	0.875	0.018181818	0.55	377
China	Shanghai	4	12	24	2	0	1	4	3	0	CD	6.25	6.5	5.5	5.666666667	6.666666667	6.75	4	6.8	6.5	4.5	0.25	1	0.55	426	0.125	1	0.35	506	0.4375	1	0.45	849
China	Shanghai	4	13	20	1	1	1	5	2	1	CC	4.75	4.333333333	4.75	4	4	4.75	5	4.6	4.5	3.5	0.625	0.666666667	0.5	464	0.375	0.043478261	0.15	218	0.5	0.230769231	0.35	786
China	Shanghai	4	14	24	1	0	1	3	4	1	CD	6.25	6.333333333	6.25	6	6	6.75	6.666666667	6	6.75	3.75	0.8125	1	0.85	366	0.125	1	0.05	526	0.1875	1	0.3	1083
China	Shanghai	4	15	19	1	0	1	6	4	0	CD	5	4.666666667	5.25	4.666666667	6.333333333	6.5	6.333333333	4.4	5.25	4.5	0.75	1	0.9	483	0.625	0.025641026	0.2	314	0.6875	0.189189189	0.45	580
China	Shanghai	4	16	27	1	1	1	3	3	0	CD	6	6	5.75	5	5.333333333	5.25	5	6.2	6	5	0.6875	1	0.65	115	0.8125	0.130434783	0.2	207	0.625	0.379310345	0.45	894
China	Shanghai	4	17	18	1	0	1	4	5	1	CD	5.75	6.333333333	4.75	4.666666667	4	6.25	5	4.8	5.75	3	0.4375	1	0.85	476	0.875	0	0.8	345	0.6875	0.466666667	0.4	921
China	Shanghai	4	18	24	2	1	2	4	3	0	CC	5	5.166666667	4.75	4	3.333333333	4.75	4	4.8	5.5	4.5	1	0.365079365	0.5	498	1	0.19047619	0.75	237	1	0.21875	0.05	1166
China	Shanghai	4	19	19	2	1	2	4	6	2	CC	7	6.833333333	6.25	6	6.666666667	6	3.666666667	5.2	6.25	5	0.5625	1	0.65	317	0.875	0.866666667	0.6	221	0.125	1	0.15	927
China	Shanghai	4	20	23	1	3	1	3	2	0	CD	5.25	4.833333333	4.5	5	4.666666667	5.5	5	5.6	5.5	3.25	0.5	1	0.85	546	0.8125	0.106382979	0.3	142	0.5625	0.5	0.35	639
China	Shanghai	5	1	23	2	1	1	4	3	1	DD	5.25	5.833333333	5.5	4	4.333333333	6	5.666666667	6	6.25	4.75	0.375	1	0.85	534	0.8125	1	0.6	264	0.3125	1	0.25	947
China	Shanghai	5	2	20	1	1	2	6	5	2	CC	6.25	5.833333333	5.5	3.666666667	4	6	4.333333333	6	6.75	6.25	0.5	0.882352941	0.7	447	0.5	0.777777778	0.25	192	0.625	0.294117647	0.25	945
China	Shanghai	5	3	21	1	0	1	5	6	2	CD	6.25	6.5	6.25	5.666666667	5	5	4.333333333	6	6.5	4.5	0.5625	0.666666667	0.65	337	0.875	0.5	0.3	266	0.625	0.2	0.2	892
China	Shanghai	5	4	18	1	0	1	1	2	1	DD	6.75	5.166666667	6.75	6	7	3.75	5.333333333	5.2	5	4.5	0.4375	0.8	0.55	246	0.125	0	0.45	226	0	NA	0.4	701
China	Shanghai	5	5	21	1	0	1	3	3	0	CC	5	4.833333333	6	6	3.333333333	6	4.666666667	4.4	4.25	3.25	0.75	1	0.9	564	0.375	1	0	398	0.4375	1	0.05	1151
China	Shanghai	5	6	24	2	0	1	4	5	0	CD	4.75	4.833333333	5.5	4	6	4.25	4	5.8	5.75	4.75	0.75	1	0.9	416	0.8125	1	0.25	238	0.625	1	0.1	1026
China	Shanghai	5	7	22	2	0	1	5	4	1	CD	5.5	5.666666667	3.5	4	5	5.25	3	4.6	5.75	4.5	0.5	1	0.8	394	0.4375	0.5	0.3	95	0.4375	0.037037037	0.15	1059
China	Shanghai	5	8	24	2	1	1	7	5	0	CD	7	6.833333333	6.5	4.333333333	6	5.25	2.333333333	6.2	6.25	5	0.5	0.333333333	0.65	475	0.375	0.333333333	0.1	330	0.625	0.333333333	0.15	1107
China	Shanghai	5	9	18	2	0	2	4	4	0	CC	5	3.5	5.75	5.333333333	5.666666667	4	4	3.8	4.75	3.5	0.375	0.411764706	0.75	381	0.25	0	0.25	253	0.3125	0	0.25	919
China	Shanghai	5	10	19	1	2	1	3	6	0	CD	5.25	6.166666667	6.25	6	6	6	5.666666667	4.8	5.5	2.5	0.625	0.5	0.55	338	0.6875	0.333333333	0.35	139	0.4375	0.333333333	0.2	1080
China	Shanghai	5	11	18	1	0	1	7	7	0	CC	4	3.833333333	3.75	2.333333333	3	3.75	3.666666667	4.4	4.25	3	0.5	1	0.55	409	0.8125	0.130434783	0.3	120	0.5	0	0.15	1004
China	Shanghai	5	12	25	1	1	1	4	3	1	CD	5.75	6	4.5	5	4.666666667	6.25	3.666666667	5	6.75	4.75	0.75	1	0.8	396	0.5625	0.428571429	0.3	115	0.625	0	0.35	809
China	Shanghai	5	13	21	1	0	1	6	6	2	CC	4.75	6.833333333	6.5	4.333333333	4.666666667	6	5.666666667	6.4	6.25	4	0.625	1	0.7	388	0.75	0.5	0.1	213	0.8125	0.733333333	0.3	1054
China	Shanghai	5	14	21	1	1	1	2	3	0	CC	6.75	6.833333333	6.5	6.333333333	7	7	6.666666667	7	6.75	4	0.5	1	0.65	297	0.875	1	0.15	410	0.625	1	0.25	948
China	Shanghai	5	15	22	1	0	1	6	3	0	CD	5.5	4.5	6	6	6.333333333	7	6.333333333	5	6	2.25	0.375	1	0.75	561	0.5625	0.125	0.15	314	0.375	0	0.3	769
China	Shanghai	5	16	22	1	0	1	3	5	2	CC	6.5	6.333333333	7	6.666666667	6	5	4	6	6.5	4.5	0.3125	1	0.75	509	0.6875	0.243243243	0.45	118	0.375	0.5	0.25	770
China	Shanghai	5	17	20	1	1	1	6	6	0	CD	6.25	6.166666667	6.25	5.666666667	5	4.75	4.333333333	3.6	6.25	2.5	0.75	1	0.7	460	1	1	0.35	249	0.5625	1	0.3	936
China	Shanghai	5	18	23	2	1	1	1	4	1	CD	6.5	7	6.25	6	6.666666667	4.75	4.333333333	5.6	5.25	4.5	1	1	0.4	360	0.9375	0.641025641	0.25	141	0.6875	0.128205128	0.2	873
China	Shanghai	5	19	25	1	0	1	4	5	0	DD	5.25	5.333333333	4.75	5.333333333	5.333333333	5.5	5.666666667	6	5.25	4.75	0.375	0.333333333	0.75	303	0.6875	0.375	0.4	311	0.6875	0.375	0.15	907
China	Shanghai	5	20	22	1	0	1	5	3	0	CD	4.75	4.333333333	5.5	6	6.333333333	5.75	5.666666667	5.6	5	2.25	0.75	0.5	0.8	331	0.75	0.2	0.45	168	0.6875	0.466666667	0.25	1005
China	Shanghai	6	1	24	1	2	1	6	4	0	CD	5	4.666666667	5.5	3.666666667	5.666666667	6	4.333333333	5.4	5.25	3.25	0.3125	1	0.75	341	0.5	0	0.6	230	0.25	0	0.1	1027
China	Shanghai	6	2	19	2	0	1	3	6	2	CC	6	6.5	5	5.333333333	6.666666667	4.25	3	6.2	6.25	4.25	0.25	1	0.65	485	0.4375	0.272727273	0.7	249	0.25	1	0.1	1079
China	Shanghai	6	3	24	2	1	1	3	3	2	DD	5	4.833333333	6.25	5.666666667	6.333333333	4.5	4.333333333	4	4.5	4.5	1	0.941176471	0.5	445	0.9375	0	0.7	222	0.875	0.056603774	0.15	841
China	Shanghai	6	4	24	1	0	1	6	5	1	CD	5.5	6.666666667	6.5	5	6	7	5	5.2	5.75	4.5	0.625	0.666666667	0.75	504	0.375	1	0.5	163	0.625	1	0.1	1052
China	Shanghai	6	5	21	2	0	1	6	4	0	CD	4.25	5.5	4.5	4	4.333333333	5.25	4.333333333	5.6	5.25	4	0.4375	1	0.85	487	0.0625	1	0.15	230	0.25	1	0	1262
China	Shanghai	6	6	20	1	0	1	5	4	1	CD	3.5	4.5	3.5	3	6	5.5	4.333333333	3.4	4.25	2.5	1	1	0.4	334	0.5	1	0.15	327	0.75	1	0.3	1210
China	Shanghai	6	7	24	2	2	1	4	5	1	CC	6.75	6.5	6.75	5.333333333	6.666666667	6	4.333333333	5.8	6	4.75	0.125	0.285714286	0.55	317	0.75	0	0.4	312	0.625	0	0.05	1317
China	Shanghai	6	8	20	2	1	1	5	7	1	CD	6.25	7	6.5	5	5.666666667	6	4.333333333	6.2	6.25	4	1	1	0.7	333	0.75	1	0.25	370	0.6875	1	0.1	1239
China	Shanghai	6	9	21	1	0	1	6	4	2	CD	5.75	5.166666667	4.75	3.333333333	5	5.75	5.333333333	5.2	6.25	5.25	0.125	1	0.7	354	0.1875	0.5	0.5	247	0	NA	0.2	1108
China	Shanghai	6	10	20	1	3	1	7	4	2	CD	6.5	6.5	7	6.666666667	6.666666667	6.25	5.333333333	6.4	6	3.75	0.3125	1	0.65	433	0.4375	1	0.6	202	0.125	1	0.1	1116
China	Shanghai	6	11	24	1	0	1	4	4	3	CD	6.75	6.5	6	6.666666667	5.666666667	6.5	5.333333333	7	6.75	5.75	0.625	1	0.55	384	0.4375	1	0.4	308	0.375	1	0.2	1133
China	Shanghai	6	12	24	1	0	1	4	6	0	CC	5.75	5.166666667	5.5	4.666666667	3.333333333	6.5	5.666666667	5.8	5.75	3.5	0.875	0.666666667	0.4	235	0.6875	0.551724138	0.35	565	0.375	0.666666667	0	1385
China	Shanghai	6	13	21	1	1	1	5	4	0	CD	5.5	5.833333333	4.75	3.666666667	5.666666667	4.5	3	5	5.25	4.25	0.6875	1	0.55	367	0.75	0.142857143	0.45	235	0.625	0.818181818	0.1	1023
China	Shanghai	6	14	23	2	0	1	2	7	0	CC	6	6.833333333	5.5	5.666666667	7	5	3	7	6.5	4.5	0.3125	1	0.85	402	0.375	1	0.6	238	0.375	1	0.1	1064
China	Shanghai	6	15	21	1	2	2	2	3	0	DC	7	7	6.75	7	7	5.75	6	5.2	6.5	5.5	0.375	1	0.85	598	0.5	1	0.25	432	0.1875	1	0.1	1309
China	Shanghai	6	16	25	1	1	1	4	5	2	CC	6.75	5.666666667	6	6	6.666666667	6.25	1.666666667	5	6.5	2.5	0.5625	1	0.5	424	0.4375	1	0.45	434	0.375	1	0	1247
China	Shanghai	6	17	21	1	0	1	2	5	1	CD	4.75	4.166666667	5.75	4	4.666666667	6.75	6.666666667	5	6.25	3.5	0.625	1	0.55	344	0.8125	1	0.45	370	0.3125	1	0.1	964
China	Shanghai	6	18	21	1	0	1	6	5	1	CD	5.75	6	5.25	4.666666667	5.666666667	6.25	5.333333333	5.8	6	4.5	0.5625	1	0.8	562	0.6875	0	0.65	393	0.4375	0.272727273	0.35	974
China	Shanghai	6	19	22	1	0	1	2	5	2	CC	2	2.5	1.75	2.666666667	1.666666667	1.75	1.666666667	2.2	2.25	3	0.3125	1	0.6	289	0.25	0.75	0.05	406	0.125	0	0.25	722
China	Shanghai	6	20	25	2	0	1	3	5	1	CC	5.75	5.166666667	5.5	3	4.666666667	4.75	3.333333333	5.6	5.75	4.75	0.3125	1	0.65	400	1	1	0.2	335	0.625	1	0.15	894
China	Shanghai	7	1	23	2	1	1	4	5	2	CD	7	7	6.75	6.333333333	6.666666667	7	5.333333333	6.8	7	6.5	0.5	1	0.95	481	0.1875	1	0.45	187	0.25	0.333333333	0.3	1039
China	Shanghai	7	2	23	1	2	1	3	6	0	CC	5.5	5.833333333	5.75	3.333333333	4	6.25	4	5	6.25	5.25	0.75	1	0.7	439	0.875	1	0.35	261	0.9375	1	0.35	968
China	Shanghai	7	3	21	2	0	1	7	4	0	CD	5	6.166666667	4.5	2.333333333	5.333333333	5.5	4	6.8	6	3	0.3125	1	0.75	387	0.0625	1	0	335	0.25	1	0.25	1139
China	Shanghai	7	4	23	1	0	1	5	4	0	CD	5.25	5.166666667	5.5	4.666666667	5	6	5.333333333	5.8	6	4	0.6875	0.642857143	0.45	135	0.75	0.066666667	0.65	191	0.3125	0.052631579	0.3	990
China	Shanghai	7	5	20	1	1	1	5	5	0	CD	5.75	6	4.75	4	5.666666667	6	4.666666667	6.4	6.25	4.5	0.5	1	0.65	473	0.5	0.333333333	0.45	242	0.4375	0.142857143	0.4	998
China	Shanghai	7	6	21	1	0	1	5	5	0	DD	5.75	6.833333333	6.75	5.666666667	6.666666667	4.5	4.333333333	6.6	5.5	5.25	0.875	1	0.65	539	0.5	1	0.05	246	0.5625	0	0.45	655
China	Shanghai	7	7	24	2	1	1	3	4	0	CC	5.75	5.333333333	5	5.333333333	6.333333333	4.75	3	5	5	4.5	0.1875	1	0.8	408	0.375	1	0.3	197	0.3125	0	0.4	753
China	Shanghai	7	8	23	1	1	1	4	4	0	CD	5	6.166666667	5	4.333333333	5	4.75	5	4.8	5.25	5	0.6875	1	0.85	538	0.5625	1	0.05	236	0.625	0.111111111	0.4	817
China	Shanghai	7	9	24	2	0	1	2	3	0	CD	6	6.333333333	6.5	6	5.666666667	6	4.666666667	5.2	5.25	3	0.125	1	0.6	479	0.0625	1	0.4	382	0.0625	1	0.2	928
China	Shanghai	7	10	24	2	0	1	6	1	0	CD	5.25	5.666666667	6.5	6	6.666666667	5	5	5.8	2.5	1.75	0.5625	1	0.75	464	0.375	0.333333333	0.25	302	0.25	0.142857143	0.4	892
China	Shanghai	7	11	20	2	0	1	6	5	0	CD	6.5	6.666666667	6.25	5.666666667	6.666666667	5.75	5	6.4	7	4.5	0.25	1	0.85	572	0.375	1	0.65	211	0.3125	1	0.3	680
China	Shanghai	7	12	21	1	0	1	5	2	0	DD	2	5.5	6	6.333333333	6.666666667	6.25	6	4.8	3.75	4	0.9375	1	0.7	374	1	1	0.05	132	1	1	0.2	1158
China	Shanghai	7	13	21	1	0	1	7	4	0	DD	5.5	5.5	5.5	6	5	5.5	6	5.2	5.5	4	1	0.422222222	0.55	316	1	0.28	0.1	261	1	0.236363636	0.35	1138
China	Shanghai	7	14	21	2	0	1	2	4	1	CD	6	5.166666667	5.75	5.666666667	7	6.25	6.666666667	4	5	3	0.6875	0.714285714	0.65	266	0.8125	0.130434783	0	104	0.625	1	0.1	786
China	Shanghai	7	15	21	2	0	1	7	6	1	CD	6	4.5	5.25	4.666666667	4.333333333	5.25	6	6.8	5.75	1.25	0.75	1	0.75	403	0.6875	1	0.5	178	0.4375	1	0.3	1002
China	Shanghai	7	16	20	2	1	1	3	5	0	CD	6.25	6.833333333	5	5	5	5.25	3.333333333	6	6.75	4.25	0.4375	1	0.8	534	0.5	0.454545455	0.6	209	0.5625	0.125	0.3	941
China	Shanghai	7	17	20	2	0	1	5	5	0	CD	6.75	6.666666667	6.75	5	5.666666667	4	3	5.4	6	3.5	1	0.939393939	0.6	312	1	1	0.6	95	0.6875	0.294117647	0.25	827
China	Shanghai	7	18	24	2	2	1	2	6	0	CD	5.25	5.166666667	5	6	6	5.75	6	6	5	3.5	0.25	0.777777778	0.5	461	0.375	0.263157895	0.35	320	0.3125	0.333333333	0.3	989
China	Shanghai	7	19	22	1	0	1	4	3	0	CC	6.75	6.333333333	7	5.666666667	5.666666667	6.25	5	6.2	6.5	5	0.0625	1	0.4	371	0	NA	0.2	188	0.0625	0	0.3	1029
China	Shanghai	7	20	24	1	0	1	5	5	0	CC	3.75	3.666666667	5.5	2.333333333	6.333333333	7	3.666666667	4.4	7	2.5	1	0.185185185	0.65	565	1	0.142857143	0.4	192	0.8125	0.333333333	0.3	931
China	Shanghai	8	1	23	1	2	1	3	5	1	CD	5.75	4.833333333	4.75	4	4.666666667	5.5	4	6	5.75	4.25	0	NA	0.4	404	0	NA	0.35	47	0	NA	0.55	462
China	Shanghai	8	2	21	2	0	0	7	6	0	DD	5.25	6.333333333	5	4	5	4	4	5.8	6.5	4.75	0.625	1	0.8	493	0.75	1	0.15	168	0.875	1	0.3	876
China	Shanghai	8	3	25	1	0	1	2	4	1	CC	6.5	7	7	7	7	7	7	7	7	5.25	0.625	0.333333333	0.55	395	0.9375	0.176470588	0.55	232	0.6875	0.090909091	0.35	863
China	Shanghai	8	4	24	1	1	1	2	3	0	CD	5.75	6.166666667	6.5	5	5.666666667	6.25	4.333333333	5.4	4.75	4.25	0.3125	1	0.85	498	0.0625	1	0.15	346	0	NA	0.45	870
China	Shanghai	8	5	26	1	2	1	4	4	0	CD	5.25	6	4.5	4.666666667	4	6.25	4.666666667	5.4	5	5.25	0.875	0.191489362	0.8	423	0.375	0.2	0.1	258	0.5625	0.285714286	0.35	709
China	Shanghai	8	6	23	1	0	1	3	6	3	CD	5.5	5.5	5.5	4.333333333	5.666666667	6	5	5.4	4.5	4.75	0.9375	0.724137931	0.55	360	0.875	0.071428571	0.15	246	0.6875	0.090909091	0.55	435
China	Shanghai	8	7	21	2	1	1	6	5	0	DD	3.25	3.166666667	5	5	7	5	3.666666667	2.8	5.75	2.5	0.8125	1	0.6	500	0.9375	0.428571429	0.05	177	0.75	0.142857143	0.25	1027
China	Shanghai	8	8	23	1	0	1	5	6	1	DD	5.5	3.833333333	4.5	3.666666667	4.333333333	4.25	4	4.2	4.25	3.75	0.875	0.75	0.65	361	0.875	0.7	0.4	168	0.3125	0	0.35	876
China	Shanghai	8	9	23	1	1	1	4	3	4	CD	5.5	5.333333333	4.25	4.666666667	5.333333333	5	3.333333333	4.8	5.25	3.5	0.75	1	0.65	396	0.4375	1	0.1	182	0.4375	1	0.25	1168
China	Shanghai	8	10	23	1	0	1	4	4	3	CC	5.75	5.666666667	5.25	3.666666667	4.333333333	5	4	5.4	6	4.5	0.5	1	0.65	222	0.25	1	0.05	305	0.3125	1	0.5	540
China	Shanghai	8	11	24	1	1	1	3	4	4	CC	6	5.333333333	5	4.333333333	4.333333333	6	4.666666667	5.8	5.75	4.25	0.5625	1	0.7	470	0.6875	1	0.2	174	0.5625	0.285714286	0.25	946
China	Shanghai	8	12	25	1	2	1	3	7	4	CD	5.5	6.5	6	4.333333333	5.333333333	5.25	5	5.6	5.5	4	1	0.777777778	0.7	414	1	0.103448276	0.5	101	1	0.708333333	0.2	1034
China	Shanghai	8	13	23	2	0	1	6	5	2	CD	6	6.5	5.25	4.666666667	6.333333333	5.75	5.333333333	5.8	6.5	4.75	0.625	1	0.75	370	0.875	0.647058824	0.35	434	0.625	0	0.3	833
China	Shanghai	8	14	18	2	0	1	5	5	1	DD	4.5	5.166666667	5	4.333333333	4	5	5.333333333	6	5.25	3	0.125	1	0.7	597	0.1875	1	0.75	234	0.0625	1	0.25	881
China	Shanghai	8	15	24	1	0	1	3	2	0	CD	5.5	5.166666667	6	5.333333333	5.666666667	6.25	5.666666667	5.6	6.25	3.25	0.75	1	0.9	583	0.5	1	0.2	179	0.375	0.714285714	0.35	637
China	Shanghai	8	16	17	2	1	1	6	3	1	CD	3.25	3.833333333	2.75	4.666666667	4.333333333	6.5	6.666666667	3.8	5.25	1.75	0.5625	1	0.65	457	0.375	1	0.05	-10	0.4375	1	0.25	1032
China	Shanghai	8	17	26	1	1	1	5	5	1	CC	5.75	5.833333333	5.75	6.333333333	6.333333333	6.5	3	6.6	6.25	4	1	0.2	0.7	351	1	0.380952381	0.3	294	1	0.20754717	0.2	814
China	Shanghai	8	18	24	2	0	1	6	5	2	CD	5.75	5	4.25	2.333333333	5.666666667	5.75	5	5.2	5.5	5.25	0.6875	1	0.7	620	0.25	1	0	322	0.375	1	0.25	1106
China	Shanghai	8	19	25	1	2	1	3	4	0	CD	5	6	6.25	5.333333333	6	5.75	5.666666667	5.4	4.75	3.25	1	0.032258065	0.55	319	0.5625	0.333333333	0.45	317	0.125	0	0.3	982
China	Shanghai	8	20	23	2	0	1	3	5	2	DD	6.25	5.666666667	6	5	6.333333333	4.75	3.666666667	4.8	5.25	4.25	0.375	1	0.85	539	0.5	1	0.5	-10	0.375	1	0.5	985
China	Shanghai	9	1	22	1	2	1	5	6	1	CC	5	5	5.25	4	5.333333333	5.25	3.333333333	4.6	5	4	0.5625	0.636363636	0.85	525	0.375	1	0.1	245	0.3125	0.25	0.3	1014
China	Shanghai	9	2	26	1	0	1	6	5	0	CD	3.25	5.833333333	3.75	3	7	2.75	2.333333333	5.4	4.5	4	0.8125	1	0.85	217	0.875	0.076923077	0.6	661	0.625	0.473684211	0.25	1060
China	Shanghai	9	3	21	2	0	1	5	4	0	CD	5.5	6	6	5	6	6.25	5	5.6	6.75	4.25	0.5	1	0.55	341	0.25	0.333333333	0.45	401	0.3125	0.538461538	0.3	1017
China	Shanghai	9	4	25	1	1	1	6	2	0	CD	5.75	6.333333333	4.75	2.666666667	4	5.75	4.666666667	5.6	5.5	3.25	0.4375	1	0.55	341	0.375	0	0.55	191	0.125	0	0.25	1121
China	Shanghai	9	5	23	1	0	1	3	3	1	CD	6.25	6.666666667	5.5	4.666666667	5	6.75	5.666666667	7	7	3.75	0.125	1	0.65	444	0.5	1	0.35	555	0.1875	1	0.15	999
China	Shanghai	9	6	25	1	0	1	4	4	0	CD	4.5	5.5	6.75	4.333333333	5	4.5	3.666666667	6	6	4.75	0.5625	0.44	1	414	0.125	0.142857143	0.1	353	0.375	0.2	0.25	1005
China	Shanghai	9	7	24	1	2	1	5	5	1	CD	6	6.166666667	5.25	5.666666667	5.333333333	5.5	4.333333333	5.4	6.25	3.75	0.5625	1	0.75	321	0.3125	0	0.4	251	0.4375	0	0.25	1126
China	Shanghai	9	8	23	2	0	1	6	6	0	CD	5.25	4.833333333	4.75	5.666666667	3.666666667	7	7	5	6.25	4.25	0.4375	0.866666667	0.8	352	0.875	0.244444444	0.7	415	0.75	0.042553191	0.2	999
China	Shanghai	9	9	18	1	0	1	6	6	1	CD	6	6.666666667	5.25	5.333333333	7	5.75	3	6.4	6.25	4	0.75	1	0.8	429	0.625	1	0.5	311	0.375	1	0.25	1157
China	Shanghai	9	10	21	2	0	1	4	3	0	CD	5.75	5.166666667	5	4.333333333	4.666666667	5.5	4.333333333	5.4	5.5	3.5	0.25	1	0.95	511	0.0625	1	0	470	0.125	0.333333333	0.2	1031
China	Shanghai	9	11	24	2	2	1	6	6	0	CC	6	6.666666667	5.5	5	5.666666667	6.25	3	6.2	5.75	4	0.5	1	0.5	326	0.625	1	0.55	721	0.375	1	0.25	914
China	Shanghai	9	12	20	1	0	1	2	5	0	CC	6	5.5	6.25	4.333333333	5	6.5	6.333333333	6.4	5.25	3.5	0.8125	1	0.9	548	0.8125	0.106382979	0.7	323	0.6875	0.913043478	0.35	689
China	Shanghai	9	13	24	1	0	1	5	1	0	CC	6	6.166666667	6	4.333333333	4.666666667	5.25	4	6.2	6.25	3	0.5	0.4	0.7	359	0.4375	0.12	0.85	505	0.25	0.333333333	0.25	1413
China	Shanghai	9	14	21	2	0	1	5	3	0	CD	5.75	4.5	5.75	6	5.333333333	3.75	5	5.8	5.5	3.25	0.5625	1	0.9	537	0.6875	0.742857143	0.15	56	0.5	0.636363636	0.25	1295
China	Shanghai	9	15	25	1	2	1	6	6	0	CD	5.25	5.166666667	4.75	3.333333333	3.333333333	5.75	5.333333333	5.6	5.5	4.5	0.8125	1	0.65	385	0.625	1	0.45	410	0.3125	1	0.25	1092
China	Shanghai	9	16	20	1	1	1	4	6	0	CD	4.5	5.833333333	5	3	4	4.25	3	5.8	4.75	4.25	0.75	0.826086957	0.85	398	0.5625	0.058823529	0.9	311	0.4375	0.625	0.3	1046
China	Shanghai	9	17	20	2	1	1	5	3	1	CD	6.25	6	4.75	2.666666667	7	3.25	4.666666667	3.6	5.5	3.25	0	NA	0.85	579	0.25	0	0.65	387	0.1875	0	0.25	1077
China	Shanghai	9	18	21	2	1	1	6	5	1	CD	5.5	6.166666667	4.5	2.666666667	4.666666667	3.25	2.333333333	6	6.25	5	0.125	1	0.9	524	0.5	0.066666667	0.5	433	0.0625	1	0.25	1239
China	Shanghai	9	19	25	2	4	1	1	5	0	CD	6.5	6	6.75	6	6	6	4	6.2	5	2.75	0.0625	0.333333333	0.45	412	0.25	0.333333333	0.65	461	0.1875	0.333333333	0.2	1028
China	Shanghai	9	20	18	1	1	1	4	5	1	CC	6	5.333333333	4.5	2	2.333333333	6.25	4.666666667	6.4	6.75	4	0.4375	0	0.65	334	0.5	0	0.55	586	0.25	0	0.35	871
UK	Norwich	1	1	19	2	1	1	5	2	1	DD	5.75	5.833333333	5.5	5	5.333333333	5.25	4.666666667	4.2	3.5	2.25	0	NA	0.6	434	0.125	0	0	384	0.25	0	0.55	899
UK	Norwich	1	2	31	2	2	1	5	5	1	CC	5.75	6.333333333	6.75	5.333333333	7	5	4.333333333	5	4.25	3.25	0.375	1	0.75	471	0.25	0.333333333	0.55	198	0.3125	0.25	0.2	925
UK	Norwich	1	3	20	1	4	1	6	4	0	DC	5.75	5.833333333	5.75	6.333333333	7	5.75	5.666666667	3.8	2	3.5	0.375	0.857142857	0.6	479	0.1875	0.5	0.9	103	0.4375	0	0.3	932
UK	Norwich	1	4	19	2	1	1	6	2	0	CD	6.5	5.666666667	6.75	7	6.666666667	7	5	3.4	4.75	4	0	NA	0.8	523	0.0625	0	0.2	442	0.125	0	0.25	1037
UK	Norwich	1	5	19	2	1	1	3	4	1	CD	5.25	5.333333333	4.5	4	4	5	4.666666667	5.4	5	4.25	0.1875	1	0.8	383	0.0625	1	0.1	273	0.5	0	0.25	752
UK	Norwich	1	6	20	2	3	1	6	6	0	CC	5.5	5.833333333	5	5.666666667	4.666666667	2.25	1.666666667	3.6	2	2	0.9375	1	0.75	522	1	1	0.75	163	0.375	0	0.35	1093
UK	Norwich	1	7	19	2	1	2	4	2	0	CD	4.75	5.333333333	5.5	4	5.666666667	5.5	3	4.8	6	5	0.4375	0.4	0.5	443	0.25	0	0.45	173	0.125	0	0.2	955
UK	Norwich	1	8	55	1	4	1	6	7	0	DD	5.5	6	5.75	6	5.666666667	4.75	4.666666667	2.6	3.75	4	0	NA	0.4	361	0	NA	0.3	388	0.8125	0	0.35	869
UK	Norwich	1	9	22	1	1	1	6	4	1	DC	6	5.166666667	6.25	6.666666667	6.333333333	2.75	1.666666667	5.6	4.25	3.75	0.25	0.615384615	0.4	239	0.1875	0.857142857	0.55	203	0.4375	0	0.6	414
UK	Norwich	1	10	20	1	2	1	5	6	0	CD	6	6.666666667	5.75	4.666666667	6	4.75	4.333333333	6	4.25	3	0.625	1	0.65	490	0.5	0.555555556	0	333	0.625	0.333333333	0.15	835
UK	Norwich	1	11	20	2	3	1	3	4	0	CD	7	7	6	6	7	6.25	4	6.4	5.75	6	0.3125	0.3	0.7	434	0.875	0	0.25	387	0.5	0	0.3	929
UK	Norwich	1	12	22	2	1	1	6	5	1	CD	5.75	6	6.75	6.333333333	5.666666667	6.25	4.333333333	5.2	5	4	0.125	0	0.85	408	0.1875	0	0.65	282	0.1875	0	0.35	746
UK	Norwich	1	13	19	2	1	2	4	3	0	CC	6.75	6.333333333	7	6.666666667	7	6	4	5.2	5	5.5	0.0625	1	0.65	346	0.125	1	0.7	73	0.25	0.142857143	0.45	691
UK	Norwich	1	14	18	2	2	1	2	4	1	CD	5	5.666666667	5.25	4.333333333	5.333333333	5.5	3.333333333	5.2	5	4.25	0.25	1	0.7	367	0	NA	0.6	244	0.3125	0	0.35	672
UK	Norwich	1	15	23	2	1	1	4	2	0	CC	4	5.333333333	6.5	5	4.666666667	5.25	3	3.4	2.75	2.5	0.5	1	0.55	366	0.375	1	0.25	169	0.25	1	0.25	928
UK	Norwich	1	16	20	1	1	1	4	3	1	DD	4.75	3.333333333	5.75	4.333333333	4.333333333	5.25	2.666666667	4	3.25	3.5	0.6875	1	0.7	499	0.4375	1	0.05	277	0.5	0	0.75	775
UK	Norwich	1	17	20	1	2	2	6	2	0	DD	5	4.666666667	5.5	4.666666667	6	6.25	4	5.4	5	5.5	0.375	0.75	0.8	407	0.3125	0.111111111	0.2	434	0.125	1	0.45	686
UK	Norwich	1	18	20	1	2	1	3	5	0	CC	6.25	6.166666667	6.25	4.333333333	6	6	3.333333333	5.8	6.5	4.75	0.4375	0.75	0.9	508	0.875	0.333333333	0.25	266	0.75	0.411764706	0.5	712
UK	Norwich	1	19	19	2	1	1	2	3	1	CC	5.25	4.5	5.25	5	5.333333333	5.5	4.333333333	5.2	5.25	4	0.4375	1	0.9	497	0.375	1	0.25	503	0.375	1	0.4	539
UK	Norwich	1	20	19	2	1	1	3	2	0	CD	6.25	6.166666667	6	5.666666667	6.666666667	6.75	4.333333333	6.6	6.5	4.25	0.0625	1	0.75	363	0	NA	0.4	188	0	NA	0.65	380
UK	Norwich	2	1	22	1	2	1	5	3	0	CD	4.75	5.833333333	4.5	5	4	4.75	3	4.8	4.75	3.25	0.625	1	0.45	193	1	1	0.55	416	0.9375	1	0.2	880
UK	Norwich	2	2	20	1	2	2	5	6	0	CD	6.25	6.333333333	5.75	6	4.666666667	6.75	5	5.4	4.75	4	0.625	1	0.55	484	0.5625	0.529411765	0.1	396	0.5625	0	0.15	971
UK	Norwich	2	3	23	1	3	1	6	3	2	DD	6.25	6.666666667	6.75	6	7	6.75	6	4.8	3.5	2.75	0.5	1	0.3	288	0.6875	0	0.25	478	0.125	0	0.3	959
UK	Norwich	2	4	19	1	2	1	6	4	1	CD	5	2.333333333	5	5.666666667	6.666666667	5.75	5	4.2	4.5	3.25	0.25	0.333333333	0.6	332	0.3125	0.25	0.55	435	0.3125	0.466666667	0.35	769
UK	Norwich	2	5	24	1	0	1	6	3	1	CC	5.5	4.166666667	5.25	5	5.333333333	3.5	5	3.4	3.75	4.25	0.1875	0.777777778	0.55	320	0.5	0	0.45	54	0.4375	0	0.25	772
UK	Norwich	2	6	22	2	1	1	2	7	0	CD	6	6	5.5	4.666666667	6	6	1	4.8	4	3	0.1875	1	0.65	402	0.0625	0	0.95	384	0.25	0	0.3	737
UK	Norwich	2	7	18	2	3	1	3	4	0	CD	5.25	4.833333333	6	4.666666667	6	5.5	2.333333333	6.4	5.75	5.25	0.5	1	0.45	94	0.5625	0.125	0.7	425	0.375	0.684210526	0.3	689
UK	Norwich	2	8	21	1	2	1	4	5	0	CD	5.25	6.666666667	4.75	3.333333333	5.666666667	2.25	2.333333333	3.2	2.5	3	0.75	0.714285714	0.6	271	0.9375	0.016949153	0.35	521	0.625	0	0.3	686
UK	Norwich	2	9	22	1	0	2	7	1	0	CC	1.5	2.166666667	5.5	3.333333333	7	3.75	6	4	5	2.75	0	NA	0.75	538	0	NA	0	466	0	NA	0.25	1040
UK	Norwich	2	10	22	2	1	1	6	4	0	CC	6	6.333333333	6.5	6.666666667	6.666666667	5.75	4.666666667	5.4	3.25	3	0.4375	1	0.7	347	0.875	0.072727273	0.7	341	0.5625	0	0.25	1009
UK	Norwich	2	11	19	2	1	1	5	3	1	CD	6	6.333333333	6.25	5.666666667	5.666666667	5.75	4.666666667	4.8	3.75	2.25	0.1875	1	0.7	368	0.1875	0	0.85	324	0.25	0	0.4	581
UK	Norwich	2	12	23	1	1	1	5	4	0	CD	5	4.833333333	4.5	4.333333333	5.333333333	4.25	4	5	6.5	4.75	0.5625	0.5	0.6	312	0.25	0.333333333	0.25	277	0.25	0.142857143	0.2	1035
UK	Norwich	2	13	22	1	2	2	6	3	0	DD	6.25	4.333333333	4.75	4.666666667	3.666666667	4.5	3.666666667	4.8	5.5	5.25	0.25	1	0.55	460	0.25	1	0.3	437	0.25	1	0.35	925
UK	Norwich	2	14	21	2	3	1	4	3	1	CD	6.5	6	6.75	6	6.666666667	4.5	4.333333333	4.8	3.5	1.75	0.25	1	0.75	485	0.3125	1	0.6	270	0.25	1	0.05	1087
UK	Norwich	2	15	18	1	1	2	3	6	2	CD	6.25	6.333333333	4.75	5	4.666666667	4	3.333333333	5	5.75	5.5	0.1875	1	0.7	382	0.875	0	0.7	198	0.375	0	0.2	1051
UK	Norwich	2	16	20	1	1	1	5	6	1	CD	5.75	4	4.75	5.333333333	6.666666667	4.5	6	4.4	4.5	3.25	0.8125	0.485714286	0.65	435	1	0	0.55	196	0.625	0.333333333	0.15	1000
UK	Norwich	2	17	20	1	2	1	3	3	1	CD	5.5	5.833333333	5.25	4.666666667	5	5.5	3	4.6	3	3.75	0.375	1	0.6	402	0.3125	0	0.35	279	0.125	0	0.45	771
UK	Norwich	2	18	19	1	3	1	3	4	0	CD	5.75	5.666666667	6	4.666666667	4.666666667	6	6.333333333	6.2	6	5	0.5	1	0.7	377	0.9375	1	0.75	415	1	1	0.3	811
UK	Norwich	2	19	23	1	2	1	5	3	0	CD	5	3.833333333	5.25	5.333333333	5.333333333	5	3.666666667	4.8	4	3.25	0.375	1	0.55	508	0.375	0	0.35	481	0.4375	0	0.2	907
UK	Norwich	2	20	21	2	1	1	6	1	0	CC	3.25	3.333333333	3.5	5.666666667	2.666666667	2.75	4	3.4	2.75	3	0.3125	1	0.55	217	0.1875	0.714285714	0.05	329	0.3125	0.111111111	0.3	903
UK	Norwich	3	1	21	2	1	2	5	4	0	DD	4.5	4.833333333	4.75	4.666666667	6	6	5.333333333	5	4.5	4.25	0.5	0.727272727	0.75	325	0.5	0.142857143	0.2	325	0.5	0.230769231	0.35	862
UK	Norwich	3	2	19	1	1	1	6	3	1	DD	5.5	4	5.75	5.666666667	6	7	6.666666667	5	3	2	0	NA	0.55	418	0.25	0	0.25	225	0	NA	0.1	1266
UK	Norwich	3	3	26	2	1	1	5	5	1	CD	5.5	4.833333333	5.75	6	7	6.75	5.333333333	3.8	1.5	2.25	0.4375	1	0.85	448	0.3125	1	0.25	336	0.9375	0.111111111	0.35	664
UK	Norwich	3	4	19	2	1	1	6	4	0	CD	6	6.833333333	5.75	6.666666667	6.333333333	5.5	3	2.8	1.75	3	0.4375	1	0.8	488	0.6875	0.1	0.45	131	0.5	0.066666667	0.2	825
UK	Norwich	3	5	20	2	1	1	5	5	0	CC	6.25	6.833333333	5.5	6	4.666666667	2.5	1.666666667	2.2	3	3.5	0.5	1	1	538	1	0	0.7	376	0.4375	0	0.15	886
UK	Norwich	3	6	21	1	3	1	3	5	0	CD	5.75	5.833333333	5.25	5.666666667	5	3.75	3	5	4.25	3.75	0.375	1	0.95	529	0.5	0.142857143	0.05	223	0.5	0.454545455	0.1	814
UK	Norwich	3	7	19	2	1	1	4	6	0	CD	5.25	5.333333333	5.75	4.333333333	5.666666667	5.25	6	4.2	3.25	3.5	0.6875	1	0.85	384	0.4375	1	0.5	343	0.4375	0.75	0.1	1087
UK	Norwich	3	8	22	1	1	1	3	6	0	CD	5.5	6.833333333	5.5	6	4.666666667	4.25	2.666666667	3.4	4.25	3.25	0.0625	1	0.75	580	0.0625	1	0.5	129	0.125	0.333333333	0.25	910
UK	Norwich	3	9	19	1	3	1	6	4	0	CC	5.75	5.666666667	6	6.333333333	5.666666667	5	4.333333333	4.8	3.25	3.75	0.25	1	0.45	381	0.5625	0	0.7	117	0.5	0	0.35	880
UK	Norwich	3	10	19	1	0	1	5	4	0	DD	4.25	5.833333333	4.75	5.333333333	6.333333333	5.25	3	3.2	3	2.25	0.3125	0.8	0.7	350	0.25	0.5	0.15	235	0.5	0.2	0.5	734
UK	Norwich	4	1	21	1	2	1	6	3	0	CD	5.25	5.666666667	6.25	5.666666667	5	6.25	5.666666667	6.6	5.75	4.5	0.3125	1	0.95	486	0.3125	1	0.35	346	0.125	1	0.05	1189
UK	Norwich	4	2	20	2	1	1	4	5	0	CC	6.5	5.333333333	4.25	4.666666667	6.666666667	7	6.333333333	6	6	2.25	0.4375	0.705882353	0.8	408	0.5	0.032258065	0.45	261	0.25	0	0.45	606
UK	Norwich	4	3	20	1	2	1	5	3	0	CD	6.25	5.833333333	5.75	5.333333333	5.333333333	7	5.333333333	5.2	3	2	0.6875	1	0.7	423	0.25	1	0.05	426	0.5	1	0.2	1056
UK	Norwich	4	4	20	2	2	2	6	5	0	CD	5.75	5.833333333	6.25	6.333333333	6.333333333	7	6	5.6	3.25	3	0.1875	1	0.95	677	0.125	1	0.5	233	0.375	1	0.35	679
UK	Norwich	4	5	22	2	1	1	6	3	0	CC	6	6.666666667	6.25	5.666666667	6	4	2.666666667	4	4.5	3.25	0.5625	1	0.6	456	0.875	0.037037037	0.85	98	0.5	1	0.7	427
UK	Norwich	4	6	52	2	1	2	7	4	0	CC	6	5.666666667	7	7	6.333333333	4.75	2.666666667	5	4	3	0.25	0	0.65	510	0	NA	1	173	0.5	0.125	0.25	656
UK	Norwich	4	7	19	2	2	2	5	4	0	CD	6	6.666666667	6	6	6.666666667	7	5.666666667	5.6	4.25	4.5	0.4375	1	0.95	469	0.625	1	0	389	0.4375	0.529411765	0.35	791
UK	Norwich	4	8	22	2	4	1	4	6	0	CC	6.75	5.166666667	5.5	6	5.666666667	5.5	3.666666667	5.2	3.75	4	0.5	1	0.7	312	0.5	1	0.5	302	0.4375	1	0.45	679
UK	Norwich	4	9	19	1	2	2	6	2	0	DD	6	5.5	6.5	6	5	6.5	4.333333333	6.6	5.5	4.75	0.25	1	0.8	535	0.0625	1	0.25	485	0	NA	0.4	627
UK	Norwich	4	10	21	2	1	2	5	3	0	CD	3.75	4.166666667	3.5	3.666666667	5	3.5	4.666666667	4.2	5.25	4.5	0.125	1	0.6	317	0.0625	0	0.5	294	0.25	0.75	0.5	179
UK	Norwich	4	11	19	2	6	1	4	6	0	CD	4.25	5	6.25	5	5	6.75	6.666666667	5.8	5.5	3	1	1	0.8	512	0.375	0	0.25	316	0.6875	0.257142857	0.3	793
UK	Norwich	4	12	20	1	0	1	1	6	0	CD	5.75	6.166666667	5	3.333333333	3	2.5	2	2.2	2.75	3.25	0.8125	1	0.75	484	0.4375	1	0.35	376	0.5	1	0.3	1047
UK	Norwich	4	13	21	2	2	1	3	4	1	CC	6.5	5	5.5	4.333333333	5	4	3	4.4	5	3	0.75	1	0.9	588	0.8125	0.155555556	0.55	230	0.6875	0.222222222	0.5	640
UK	Norwich	4	14	21	2	3	1	5	3	1	CD	5.75	5.5	6.5	6.666666667	7	6.75	4	4.6	3.25	2.75	0.0625	1	0.6	502	0	NA	0.2	295	0.25	0.6	0.4	358
UK	Norwich	4	15	21	2	3	1	2	5	1	CD	6	6.5	5.5	3.333333333	4.666666667	5.5	1	5	5.5	4.25	0.1875	1	0.5	338	0.875	0	0.3	141	0.4375	0.166666667	0.2	843
UK	Norwich	5	1	20	1	1	1	5	6	0	CD	6	5.333333333	5.5	4	5.666666667	4.5	3.333333333	4.6	6	4.5	0.5625	1	0.6	304	0.5	0.142857143	0.5	335	0.5625	0	0.65	241
UK	Norwich	5	2	20	2	1	1	2	1	0	DD	6.5	5.166666667	5.25	5.666666667	6.333333333	5.5	2.333333333	3	3	2.5	0.25	1	0.65	369	0.6875	0.047619048	0.2	141	0.625	0.176470588	0.95	316
UK	Norwich	5	3	22	1	1	1	4	6	0	CD	6.75	6.833333333	6	6.333333333	6.333333333	5.5	1.666666667	4.6	5.5	4.25	0.5625	0.666666667	0.6	501	0.875	0.5	0.55	289	0.625	0.025641026	0.6	588
UK	Norwich	5	4	22	2	1	1	6	4	0	CC	7	6.5	6.75	7	6.666666667	6.25	4.666666667	5.8	4	3.5	0.375	1	0.85	493	0.4375	0	0.8	253	0.875	0	0.7	426
UK	Norwich	5	5	21	2	1	1	6	5	0	CC	5.25	6.166666667	6.5	6	6.666666667	5.25	4	5	5.25	3.75	0.0625	1	0.6	456	0	NA	0.45	471	0	NA	0.7	513
UK	Norwich	5	6	22	1	2	2	6	5	0	CD	5.75	6	5.75	6	6.666666667	5.25	5.333333333	5.6	5.25	5	0.4375	1	0.85	469	0.3125	0.25	0.05	367	0.5625	0	0.65	545
UK	Norwich	5	7	19	1	3	1	2	3	1	CD	5.5	4.166666667	5.5	5.666666667	6.333333333	6	5.333333333	6.2	5	3.25	0.5625	0.655172414	0.45	229	0.8125	1	0.2	236	0.6875	0	0.65	368
UK	Norwich	5	8	21	1	2	2	6	7	1	CC	4.75	4	5	6	7	6.25	4.333333333	5	4.25	5	1	1	0.65	472	0.625	1	0.45	385	0.8125	0.238095238	0.7	317
UK	Norwich	5	9	21	1	2	1	6	3	1	CD	5.5	5	5	4.666666667	4.333333333	4.75	3	4	4	3	0.25	1	0.6	187	0.125	1	0.5	383	0.4375	1	0.35	569
UK	Norwich	5	10	27	1	5	1	3	6	0	CC	5.75	4.666666667	6.25	4.666666667	4	4	2.333333333	3.4	5	2.75	0.4375	1	0.7	491	0.125	0	0.6	466	0.3125	0.428571429	0.6	264
UK	Nottingham	2	1	20	2	1	2	4	2	0	CD	5.25	5.333333333	5.5	3.666666667	5.333333333	5.5	4	5.4	6	5.75	0.3125	1	0.95	529	0.0625	1	0.25	303	0.25	1	0.1	1162
UK	Nottingham	2	2	20	2	2	1	6	4	0	CD	5.25	5.333333333	5.5	6	5.333333333	4.75	3.333333333	4.6	3.75	3.5	0.3125	1	0.55	553	0.5	0.032258065	0.4	331	0.6875	0.023255814	0.35	781
UK	Nottingham	2	3	21	2	2	1	3	3	3	CD	5.5	4.833333333	5.75	7	7	6.25	3.666666667	5.6	4.25	3	0.1875	1	0.65	484	0.125	0	0.65	401	0.3125	0	0.55	632
UK	Nottingham	2	4	20	2	1	1	3	3	0	CD	5.25	4.833333333	5	4.666666667	4.333333333	5	4	4.4	4.75	4	0.25	1	0.65	373	0.1875	0.5	0.6	141	0.4375	0.333333333	0.45	353
UK	Nottingham	2	5	21	1	1	1	6	5	0	CD	6.25	7	6.5	7	6	7	5.333333333	6.6	6	4	0.25	0	0.6	392	0.25	0	0.3	222	0.625	0.4	0.4	613
UK	Nottingham	2	6	19	2	1	2	3	6	0	CC	5.75	5.833333333	5	4	4.666666667	3.5	4	5.6	5.5	4.25	0	NA	0.45	251	0	NA	0.1	359	0.5	0	0.5	860
UK	Nottingham	2	7	20	2	1	2	3	4	0	CC	5.75	4.666666667	5.5	5.333333333	7	6.5	6.333333333	6	4.5	4.75	0.125	0	0.6	459	0.125	0.5	0.45	336	0.3125	0	0.15	1018
UK	Nottingham	2	8	22	1	2	1	3	2	1	CD	5	5.833333333	5.25	5	6.333333333	4.75	4	5.4	4	2.25	0.5	1	0.75	452	0.3125	0.666666667	0.3	162	0.4375	0.75	0.7	515
UK	Nottingham	2	9	19	2	1	1	5	6	0	CD	6	6	6.5	6	6.666666667	6	4	5.2	4.5	3.75	0.25	1	0.6	563	0.375	1	0.5	51	0.375	1	0	1078
UK	Nottingham	2	10	20	2	1	1	5	4	4	CD	5.75	6.166666667	6.75	6.333333333	5.666666667	4.75	3.666666667	5.6	5.75	4.5	0.5625	1	0.75	437	0.3125	0.052631579	0.25	349	0.5	0.28	0.1	1099
UK	Nottingham	2	11	21	2	0	1	5	7	0	CD	6.5	6.5	6	5	5.666666667	5.25	4.333333333	5.8	6.75	5.5	0.125	0.5	0.6	354	0	NA	0.4	297	0.3125	0	0.35	833
UK	Nottingham	2	12	18	2	1	2	4	3	0	CC	5.75	5.833333333	6	6.333333333	5	5.5	3.333333333	4	5.5	5.25	0.1875	1	0.65	418	0.375	0	0.5	283	0.375	0	0.7	666
UK	Nottingham	2	13	19	1	2	2	2	5	0	CD	6	5.833333333	4.5	4.666666667	4	5.25	3.666666667	6	6	5.25	0.5	1	0.85	355	0.3125	1	0.35	396	0.3125	1	0.45	958
UK	Nottingham	2	14	19	1	1	2	5	5	0	CC	5.75	5	5	5.666666667	5.666666667	4.5	3.333333333	6.2	4.75	4.25	0.25	1	0.9	466	0.3125	0	0.5	175	0.4375	0.333333333	0.1	1104
UK	Nottingham	2	15	20	1	1	1	6	5	4	CD	5.5	4.833333333	5.75	6.333333333	5.333333333	5.25	2.666666667	4.2	2.75	3.25	0.6875	0.257142857	0.4	391	0.75	0.021276596	0.4	257	0.6875	0	0.55	514
UK	Nottingham	2	16	20	2	1	1	7	7	2	CC	5.75	6.5	7	7	6.666666667	5.25	3	3.2	3.25	3	0.25	0.6	0.75	467	0.5625	0.258064516	0.75	160	0.5	0	0.15	846
UK	Nottingham	2	17	19	1	1	2	7	4	3	CD	5.5	4.166666667	2.75	6	5	4.75	3.666666667	3	5.25	6.5	0.5625	1	0.9	336	0.0625	0	0.15	189	0.375	0.090909091	0.25	912
UK	Nottingham	2	18	19	1	2	1	5	5	2	CD	6.75	5.833333333	6	5.333333333	4.333333333	3.5	3	3.8	4.5	3	0.4375	1	0.8	429	0.25	1	0.5	383	0.4375	0.166666667	0.6	677
UK	Nottingham	2	19	19	1	1	1	6	3	1	DD	4.5	3.666666667	4.5	5	5.333333333	6	3.666666667	5	5.5	3.25	0.5625	1	0.55	464	0.4375	1	0.35	226	0.5	0	0.25	997
UK	Nottingham	2	20	22	2	2	1	5	4	0	CD	5	5.333333333	6	4.666666667	4	5.25	3.333333333	4.2	2.75	2.75	0.3125	1	0.9	513	0.125	0	0.05	306	0.375	0	0.3	642
UK	Nottingham	2	21	20	2	4	1	2	3	2	CD	5.25	5	5.75	4.666666667	6.666666667	5.75	3.666666667	2.8	5	4	0.75	1	0.65	300	0.75	1	0.3	477	0.4375	1	0.2	946
UK	Nottingham	2	22	20	1	1	1	5	5	0	CD	6	6.333333333	6.25	7	6.333333333	6.5	6	6.2	5	3.5	0.3125	1	0.8	606	0.75	0.5	0.1	354	0.6875	0.222222222	0.4	758
UK	Nottingham	2	23	20	1	2	2	5	3	1	CD	6.75	5.833333333	6.5	5.666666667	6	4.5	3.333333333	6.4	6.25	6.75	0.5	1	1	472	0.3125	1	0.3	320	0.375	1	0.3	1007
UK	Nottingham	2	24	23	2	3	2	2	3	0	CD	5.5	4.5	4.5	2.333333333	6.333333333	3.25	2.666666667	4.6	4.75	4	0.5	1	0.8	572	0.8125	1	0.2	140	0.5625	1	0.55	737
UK	Nottingham	2	25	21	2	3	1	4	6	1	CC	7	6.5	6.75	6.666666667	6.333333333	5.25	4	3.4	4.5	3.25	0.5625	1	0.55	313	0.625	1	0.75	135	0.25	1	0.15	1023
UK	Nottingham	2	26	21	2	3	2	3	3	0	CC	6.75	4.666666667	4	3.666666667	4	4	1.666666667	4.4	5.75	5	0.5	1	0.85	389	0.4375	0	0.35	313	0.375	0.5	0.1	1054
UK	Nottingham	2	27	19	1	0	2	2	5	0	CD	5.75	5.166666667	5	3.333333333	5.333333333	5.75	4.333333333	5.4	5.25	5.75	0.625	1	1	512	0.3125	1	0.05	448	0.625	0.666666667	0.35	643
UK	Nottingham	2	28	18	2	2	1	6	3	0	DC	4.25	3.666666667	4.75	5.333333333	5.333333333	4.5	5	4	4	4	0.75	0.5	0.5	332	0.625	0.052631579	0.5	148	0.5625	0.058823529	0.15	1047
UK	Nottingham	2	29	20	1	3	1	5	4	4	DD	6.5	6.333333333	6.5	6.666666667	7	5	4	5.6	6.5	3	0.375	1	0.85	446	0.875	0.037037037	0.2	322	0.5	0.103448276	0.3	937
UK	Nottingham	2	30	19	2	1	1	5	4	2	CD	6.25	5.833333333	5.75	6	6	5.5	4.333333333	5.4	6.25	4.75	0.0625	1	0.45	271	0.1875	0.8	0.5	377	0.1875	0	0.4	370
UK	Nottingham	3	1	22	2	1	1	6	2	0	CD	6.5	6	6	6.333333333	6	5.75	1.666666667	4.8	4.25	3.5	0.0625	1	0.85	549	0	NA	0.6	250	0.125	0	0.5	842
UK	Nottingham	3	2	21	1	2	1	5	1	1	CC	5.75	6.333333333	6.25	6	6	6	5.333333333	6.2	4.75	4.75	0.125	0.333333333	0.75	467	0.0625	0	0.35	139	0.125	0	0.4	803
UK	Nottingham	3	3	21	1	2	2	6	3	2	CC	6	4.833333333	4.5	4.666666667	3	3.25	2.333333333	4.4	5.75	5.75	0.5	1	0.85	489	0.1875	0.6	0	234	0.4375	0	0.45	787
UK	Nottingham	3	4	21	2	2	2	4	4	0	CC	5.5	5.666666667	5.75	5	5	5	3	4.4	5.75	5.25	0	NA	0.65	540	0	NA	0.2	60	0	NA	0.6	470
UK	Nottingham	3	5	20	2	1	1	5	5	0	CD	4.75	5.333333333	5.75	5	4.666666667	5	4	4.2	2.25	2.5	0.6875	1	0.8	412	0.5625	1	0.55	205	0.4375	0	0.4	667
UK	Nottingham	3	6	19	1	1	1	5	4	0	CD	5.25	4.333333333	5.5	6.333333333	6.333333333	6.25	5.666666667	4.8	4.25	3.25	0.4375	1	0.85	428	0.125	1	0	245	0.375	1	0.7	661
UK	Nottingham	3	7	19	2	2	1	6	3	1	CD	5.75	5.166666667	5.25	6.333333333	5	5.25	3.333333333	3.8	4.25	2.5	0.125	1	0.8	435	0.4375	0.037037037	0.3	130	0.3125	0	0.55	757
UK	Nottingham	3	8	19	2	1	2	6	1	0	DD	4.25	5	5.5	7	6.333333333	5.5	3.666666667	3.6	2	4	0.25	1	0.55	319	0.125	1	0.1	287	0.1875	1	0.35	896
UK	Nottingham	3	9	20	1	1	1	5	3	0	CC	6	6.333333333	5.75	5	4	5.25	4	3.4	1.75	3.75	0.6875	1	0.75	376	1	0.28	0.35	240	0.1875	0	0.3	644
UK	Nottingham	3	10	19	2	1	1	5	4	0	CD	6.5	5.833333333	5.25	6	6	5.75	4.333333333	5.8	6	4.25	0.4375	1	0.75	392	0.9375	1	0.3	414	0.5	0.230769231	0.75	769
UK	Nottingham	3	11	18	2	1	1	5	4	0	CD	4.75	2.666666667	5	6.333333333	5.333333333	7	6	4	3	2.25	0.4375	1	0.7	508	0.125	0.333333333	0.2	324	0.25	1	0.8	518
UK	Nottingham	3	12	19	1	1	1	6	5	2	CD	5.5	5	4.5	4.666666667	4.666666667	4.75	2.333333333	3.8	4	3.25	0.5	1	0.75	301	0.125	1	0	6	0.3125	1	0.5	998
UK	Nottingham	3	13	20	1	1	1	5	3	0	DD	4	3.166666667	5.25	4.666666667	5.333333333	5.75	4.666666667	5.4	3.75	3.75	0.1875	0.6	0.8	510	0.1875	1	0	350	0.3125	0	0.65	598
UK	Nottingham	3	14	20	1	0	1	6	6	0	DD	6	6	5.5	4.666666667	6	6	3	6.4	4	4.5	0	NA	0.75	448	0.1875	0	0.15	208	0.5	0	0.65	658
UK	Nottingham	3	15	19	2	1	1	6	3	2	DC	5.5	5.333333333	4.75	6.666666667	6.333333333	4	3.666666667	3.8	3	2.75	0.6875	0.157894737	0.7	488	0.3125	0.111111111	0.45	158	0.5625	0	0.65	613
UK	Nottingham	3	16	22	1	1	1	5	5	1	CD	4.5	4.5	5.75	4.666666667	5	6	4.666666667	4.8	2.75	2.5	0.0625	1	0.6	417	0.25	0	0.1	221	0.1875	0	0.4	765
UK	Nottingham	3	17	20	1	3	1	5	5	2	CC	6.5	5.666666667	5.75	6	3.666666667	1.75	1.666666667	2.4	3.25	3.5	0.3125	1	0.7	593	0.125	1	0.8	266	0.375	1	0.45	843
UK	Nottingham	3	18	19	2	14	2	5	6	0	CC	6	6	6.25	4	4.666666667	5.25	3.666666667	4.8	4.5	4	0.5	1	0.7	378	0.875	0.037037037	0.75	282	0.3125	0.25	0.25	904
UK	Nottingham	3	19	18	2	2	2	5	5	1	CD	5.75	5	4.75	3.666666667	5.666666667	5.5	5.333333333	4.2	5.25	3.75	0.1875	1	0.55	403	0.1875	1	0.55	143	0.375	1	0.7	820
UK	Nottingham	3	20	19	1	1	2	5	1	0	DD	6	5.833333333	6.5	6.333333333	7	7	5.333333333	5.6	5.25	3.75	0.1875	1	0.7	317	0.0625	1	0.35	204	0.125	1	0.25	968
UK	Nottingham	3	21	22	1	2	2	5	5	0	CD	6	5	5.75	6.333333333	5.666666667	5.75	5	5.8	6.25	5.25	0.125	1	0.85	518	0.3125	0.125	0.45	259	0.25	0.142857143	0.55	880
UK	Nottingham	3	22	20	2	2	1	4	3	1	CD	6.75	6.666666667	5.5	4.666666667	5	4.75	2.666666667	3.4	3.5	2.5	0.375	1	0.65	340	0.75	0	0.25	226	0.625	0	0.65	559
UK	Nottingham	3	23	20	2	2	1	3	6	0	CD	5	4.666666667	6.5	6.666666667	6	7	5.333333333	2.6	2.5	1.5	0.5	1	0.75	384	0.125	1	0.25	282	0.3125	0.111111111	0.45	838
UK	Nottingham	3	24	19	1	1	2	6	3	0	DD	4	2.333333333	4.75	4	4.333333333	3.25	1.666666667	3.2	2.75	3.5	0.0625	1	0.5	392	0.3125	0.25	0.45	348	0.5	0.428571429	0.7	616
UK	Nottingham	3	25	19	2	1	1	6	4	0	CD	5	5.333333333	7	5	6	6.75	3.333333333	4.4	4	2.5	0	NA	0.7	478	0	NA	0.25	239	0	NA	0.3	860
UK	Nottingham	3	26	19	2	1	1	6	4	2	CC	6	4.833333333	5.75	5	4.666666667	6.25	4.666666667	6.2	4.5	3	0.8125	0	0.6	465	0.5	0	0.2	271	0.4375	0	0.45	744
UK	Nottingham	3	27	19	2	3	1	3	4	0	CD	4.5	4.5	6	3	4.333333333	4.25	3	4.6	3.75	3	0	NA	0.65	559	0	NA	0.45	163	0.0625	1	0.55	488
UK	Nottingham	3	28	21	2	2	1	5	2	0	DD	5	6.333333333	6.5	4.333333333	5.666666667	6.75	4.333333333	6.6	6.25	3.5	0.3125	1	0.9	465	0.1875	1	0.05	341	0.3125	1	0.75	430
UK	Nottingham	3	29	21	2	2	1	6	2	0	CD	6.5	6.5	6	6.333333333	5.666666667	5	2.333333333	6.4	6	5	0.0625	1	0.6	311	0.125	1	0.2	100	0.375	0	0.7	632
UK	Nottingham	3	30	21	1	2	1	3	3	1	CD	3.5	3.833333333	4.75	3.333333333	5	4.75	3.666666667	5.2	4	4.75	0.25	1	0.45	411	0.25	0.333333333	0.15	318	0.375	0.043478261	0.45	694
UK	Nottingham	4	1	19	2	1	1	2	5	0	CD	6.25	6	4	4.666666667	5.666666667	4.25	2.333333333	5.6	5.25	4	0	NA	0.55	278	0	NA	0.9	103	0	NA	0.3	624
UK	Nottingham	4	2	20	2	1	1	4	6	0	CC	5	5.166666667	4.5	3.666666667	4.333333333	3.5	3	4.4	5.75	3.75	0.25	1	0.8	533	0.3125	0	0.5	262	0.3125	0	0.1	1188
UK	Nottingham	4	3	21	2	2	1	6	5	1	CD	6	6.5	6.5	6	5.666666667	6.25	5.666666667	5.4	5.25	2.5	0	NA	0.7	270	0.0625	0	0.5	212	0.3125	0	0.55	659
UK	Nottingham	4	4	20	2	0	1	5	6	0	CD	6.5	6	6.5	5.333333333	5.666666667	5.25	4.333333333	5.8	5.5	4	0.25	1	0.7	372	0.1875	0	0.6	505	0.5	0.1	0.25	823
UK	Nottingham	4	5	20	1	1	1	7	2	0	DD	6.5	4	6.5	6.666666667	7	6.5	4.666666667	5.6	2	3	0.25	1	0.75	588	0.125	0.333333333	0.2	277	0.1875	0.5	0.35	746
UK	Nottingham	4	6	38	1	3	1	4	7	0	CD	6.5	5.833333333	6.25	5.333333333	5.666666667	5.75	3.666666667	5.6	5.25	3.75	1	0	0.65	390	0.9375	0	0.4	310	1	0	0.4	795
UK	Nottingham	4	7	20	1	2	2	6	2	0	DD	5.5	5.5	7	6	7	6.75	6.333333333	5.4	3	4	0.5625	1	0.9	508	0.625	0	0.25	543	0.25	1	0.05	909
UK	Nottingham	4	8	20	2	1	2	5	4	1	CD	5.5	6.166666667	4.5	5.333333333	6	5.5	3.333333333	5.2	4	3.5	0.25	1	0.65	403	0.25	0.6	0.2	311	0.0625	1	0.2	856
UK	Nottingham	4	9	19	1	2	2	5	4	0	CD	7	6.833333333	5.25	6	4.333333333	6.25	3.666666667	5	3	5	0.8125	1	0.85	418	0.4375	0	0.1	196	0.5625	1	0.3	753
UK	Nottingham	4	10	19	1	1	2	2	6	1	CD	4.5	2.833333333	4	3	6.333333333	5.5	5.333333333	5	6.5	4.75	0.625	0.818181818	0.75	506	0.625	0.025641026	0.65	407	0.625	0.176470588	0.55	573
UK	Nottingham	4	11	20	1	2	1	5	6	1	CC	5.5	6.666666667	6	4.333333333	6.333333333	5.25	1.666666667	6	5.25	3.5	0.375	1	0.85	401	0.6875	1	0.7	374	0.375	1	0.55	778
UK	Nottingham	4	12	18	1	2	2	7	6	2	DD	5.5	4.666666667	4.75	6	4.333333333	6	4	5.6	3.75	5.25	0.5	1	0.85	361	0.5	0	0.35	259	0.625	0.25	0.3	834
UK	Nottingham	4	13	19	1	2	1	5	4	1	CD	6.5	5.833333333	6.25	6	6.333333333	5.75	5	5.8	5.75	4.75	0.4375	1	0.7	459	0.3125	1	0.35	222	0.3125	1	0.35	936
UK	Nottingham	4	14	19	2	1	1	2	4	1	CD	5.75	6	5.75	5	6.333333333	6	2.666666667	5.8	4	3.25	0.8125	1	0.9	329	0.4375	0.4	0.4	148	0.3125	1	0.2	739
UK	Nottingham	4	15	19	2	1	1	5	4	0	CD	5.5	6	5.75	5.333333333	5.333333333	5.25	3.666666667	5.6	4.75	3.5	0.4375	0.5	0.9	469	0.9375	1	0.4	327	0.875	0.685714286	0.4	569
UK	Nottingham	4	16	19	2	2	2	5	6	0	CC	6.25	6	5.25	5.333333333	5	5.75	3.666666667	4.2	6	5.25	0.6875	1	0.6	372	0.3125	0.428571429	0.8	218	0.6875	0	0.3	919
UK	Nottingham	4	17	21	2	1	2	3	5	0	CD	7	6.666666667	6	5.666666667	6	6.5	3.666666667	4.4	5	4.5	0.4375	0.857142857	0.7	265	0.625	1	0.1	413	0.5625	1	0.25	993
UK	Nottingham	4	18	19	2	3	2	6	6	0	CC	6.25	5.166666667	5	6	5.666666667	3.5	2	2.8	2.5	3.25	0.0625	1	0.55	364	0.625	1	0.7	320	0.5	1	0.35	762
UK	Nottingham	4	19	24	1	2	2	5	6	0	CD	5.5	5.666666667	7	5.333333333	6.666666667	5.25	5.333333333	7	5.5	4.75	0.875	0.319148936	0.75	483	0.875	0.153846154	0.5	297	0.5	0.125	0.25	957
UK	Nottingham	4	20	20	2	2	2	6	4	0	CD	6.75	6.833333333	6.25	6.333333333	5.666666667	6.75	3.333333333	5	4.75	3.5	0.625	0.904761905	0.8	478	0.75	0.714285714	0.25	71	0.5	0.882352941	0.3	871
UK	Nottingham	4	21	23	2	2	2	6	4	0	CD	5.25	5.333333333	6.5	6.333333333	5	6.75	3.333333333	5.2	6.5	4.75	0.1875	0.5	0.55	263	0.625	0.081081081	0.65	209	0.75	0	0.6	451
UK	Nottingham	4	22	21	1	3	1	6	4	0	CD	5.75	4.5	6.5	6.333333333	6.333333333	6.5	5	5	2.25	3.25	0.375	1	0.55	336	0.4375	1	0.2	476	0.3125	1	0.4	965
UK	Nottingham	4	23	20	1	1	1	3	2	0	CD	5.75	5.333333333	4.75	2	5.333333333	5.75	5.333333333	4.2	5.25	4.25	0.5625	1	0.65	393	0.1875	0	0	392	0.4375	0	0.2	875
UK	Nottingham	4	24	20	1	2	1	5	4	1	CD	5.5	6.333333333	4.25	5.333333333	5.666666667	3	2	3.8	3	2.75	0.25	1	0.85	531	0.375	1	0.45	410	0.1875	1	0.35	755
UK	Nottingham	4	25	18	1	2	1	5	3	0	CD	6.5	6.5	6.25	4.666666667	6.666666667	6	3	5.4	5.75	2.75	0.0625	1	0.7	501	0.0625	0	0.15	345	0.1875	1	0.3	678
UK	Nottingham	4	26	23	1	1	1	4	5	0	CC	6.75	6.166666667	6.5	4	3.333333333	3.75	3	5.6	4.75	4	0.75	1	0.9	531	1	0.96969697	0.5	246	0.75	1	0.4	785
UK	Nottingham	4	27	19	2	1	2	5	4	1	CD	5.75	4.833333333	5.5	5.333333333	5	6.25	4.333333333	4.8	5.5	5.25	0.25	1	0.5	380	0.125	1	0.5	19	0.3125	1	0.5	682
UK	Nottingham	4	28	19	2	2	2	4	7	1	CD	7	7	7	5.666666667	6.333333333	6.25	4.333333333	6.6	4.75	6.25	0.125	1	0.85	646	0.3125	1	0.7	355	0.1875	1	0.35	685
UK	Nottingham	4	29	21	2	2	1	3	7	0	CD	5.25	6.166666667	6.75	6	7	5	3	6.6	5.5	3.25	0.1875	0.714285714	0.85	626	0.1875	0	0.5	357	0.3125	0	0.65	736
UK	Nottingham	4	30	19	2	3	1	5	3	1	CD	5.5	5.166666667	6.25	5	5.666666667	4.25	3	3.8	3.25	3.25	0.5	1	0.8	431	0.5625	1	0.15	386	0.25	1	0.25	1000
UK	Nottingham	5	1	19	2	2	2	4	2	1	CD	6.5	5.5	6	6.333333333	6.333333333	4.75	3.666666667	5.4	6	5.5	0.25	1	0.55	266	0.5625	0.125	0.25	317	0.125	1	0.2	895
UK	Nottingham	5	2	20	2	1	1	4	5	0	CD	4.5	5.333333333	6.75	5	5	6.5	3.333333333	4.8	5.5	3	0.125	1	0.65	508	0.125	0	0.1	367	0.25	0	0.25	936
UK	Nottingham	5	3	20	2	1	2	4	6	0	CD	6.25	5.5	4.5	4	4.666666667	4	3	6.4	5.5	5.5	0.375	1	0.9	563	0.125	1	0.05	211	0.3125	1	0.1	1245
UK	Nottingham	5	4	19	2	3	1	3	2	0	CD	3.75	4.833333333	6	3.333333333	6	5	2.666666667	6.4	6	3.25	0.375	1	0.95	467	0.5625	0	0.4	197	0.375	0	0.05	1133
UK	Nottingham	5	5	19	1	1	2	2	7	0	CD	5	5	4.5	5	5	4.75	3.333333333	5	4.75	4.5	0.1875	1	0.75	401	0.3125	0	0.55	180	0.5625	0	0.35	921
UK	Nottingham	5	6	22	2	1	1	4	4	0	CD	6	4	5.25	5.333333333	6.333333333	6.25	3.666666667	3.4	4.5	3	0.4375	0.555555556	0.75	510	0.9375	0	0.15	127	0.625	0.25	0.45	676
UK	Nottingham	5	7	22	2	3	2	6	1	0	CC	6.75	6	5.75	6.666666667	5.333333333	5.25	3.666666667	6.8	6.75	5	0	NA	0.7	430	0	NA	0.7	180	0	NA	0.35	595
UK	Nottingham	5	8	21	1	1	1	2	3	0	DD	4.25	4.166666667	5.25	4	4.666666667	5	3.333333333	6	6.25	3.5	0.625	1	0.75	326	0.1875	0	0.1	420	0.3125	1	0.3	859
UK	Nottingham	5	9	20	2	3	2	4	7	0	CC	5.25	4.333333333	4.75	4.666666667	5.666666667	4.75	4	5.2	4	4.25	0.3125	0.666666667	0.75	396	0.1875	0.090909091	0.4	117	0.3125	0.25	0.45	674
UK	Nottingham	5	10	18	1	1	1	5	4	0	CC	6.25	5.833333333	5.25	7	6.333333333	4.5	2	3.6	4.5	3.5	0.0625	1	0.5	200	0.25	0.285714286	0.1	318	0.125	0	0.5	776
UK	Nottingham	5	11	19	2	3	2	5	2	0	DD	5.75	6.5	6.75	7	7	6.75	5.666666667	4.8	3.5	3.75	0.0625	1	0.45	400	0.125	0	0.15	357	0.125	0.333333333	0.25	766
UK	Nottingham	5	12	20	2	1	1	5	4	0	CD	5.5	5	5.25	5.666666667	5	6	4.333333333	5.2	3.75	2.5	0.3125	1	0.7	363	0.1875	1	0.35	166	0.1875	1	0.3	932
UK	Nottingham	5	13	19	1	3	2	6	5	0	CD	6.5	5.833333333	6	7	6.666666667	6.75	6.666666667	5.4	6	4.75	0.1875	1	0.35	348	0.3125	0	0.45	215	0.375	0	0.75	501
UK	Nottingham	5	14	19	2	2	1	5	4	1	CD	7	6.666666667	6	6	6.333333333	5.25	3	5.6	4.75	4.75	0	NA	0.7	383	0	NA	0.5	85	0	NA	0.4	532
UK	Nottingham	5	15	21	1	3	1	3	4	0	DD	5	4.833333333	6.25	3.666666667	5.333333333	5.5	5	5.4	4.25	3	0.875	1	0.7	299	0.5	0.125	0.35	87	0.6875	0	0.3	1085
UK	Nottingham	5	16	19	1	1	1	6	2	0	DD	6	5.166666667	4.75	6.333333333	5.666666667	5.75	5.333333333	4.4	4.75	3.5	0.875	0.666666667	0.7	368	0.0625	1	0.1	298	0.4375	0.076923077	0.25	952
UK	Nottingham	5	17	19	2	1	1	4	3	0	CD	4.25	5.166666667	6.25	5.333333333	5	5.75	3.666666667	5	1.75	2.5	0.5	1	0.9	503	0.375	0.2	0.25	351	0.3125	0.666666667	0.3	1026
UK	Nottingham	5	18	18	1	1	1	2	4	0	CD	4	4	5.25	3.666666667	4.333333333	5.75	5.333333333	5.4	5.5	4.5	0.6875	0.272727273	0.65	450	0.375	0	0.55	15	0.4375	0	0.35	652
UK	Nottingham	5	19	19	2	1	1	4	4	1	CD	5.75	6.166666667	5	5	5.666666667	4	3	6	4.75	3.25	0.125	1	0.6	558	0	NA	0.3	309	0	NA	0.4	769
UK	Nottingham	5	20	24	2	1	1	1	5	0	CD	6.5	5.833333333	6.75	2	3	4.75	2.666666667	5.6	6.5	3.5	0	NA	0.65	451	0.0625	0	0.6	123	0.4375	0	0.35	892
UK	Nottingham	5	21	26	2	3	1	7	7	0	CD	6.5	6.666666667	6.75	7	5.666666667	5.75	2.333333333	5.6	5.75	5	0	NA	0.45	381	0.375	0.2	0.5	27	0.25	0	0.05	1276
UK	Nottingham	5	22	19	2	1	2	2	4	0	CD	5	4.666666667	4.25	4.666666667	5	3.75	3.333333333	5.6	5.75	4	0.1875	1	0.8	438	0.3125	0.111111111	0.4	281	0.25	1	0.5	842
UK	Nottingham	5	23	21	2	1	1	4	5	0	CC	5	5	5.25	4.666666667	4.666666667	3.75	3	3	4.5	2.75	0.625	1	0.55	317	0.625	0.176470588	0.35	182	0.75	0	0.05	1196
UK	Nottingham	5	24	19	1	0	1	6	3	0	CD	6.5	6.166666667	5.75	4.333333333	4.666666667	6.5	3.333333333	5.4	5.5	1	0.6875	0.514285714	0.75	428	0.5625	0.3	0.25	423	0.5625	0.333333333	0.35	618
UK	Nottingham	5	25	21	1	2	1	6	3	0	CD	5.5	4.5	4.25	6	7	5	4.666666667	3	3.75	3	0.1875	1	0.4	306	0.125	0.333333333	0.05	370	0.25	0.142857143	0.35	473
UK	Nottingham	5	26	19	1	1	1	3	4	0	CD	5.5	4.166666667	5	1.666666667	5.666666667	3.25	3	2.6	3.5	3	0.1875	0.2	0.7	567	0.4375	0	0.25	144	0.25	0	0.45	420
UK	Nottingham	5	27	20	1	1	1	3	6	0	CD	5.5	4.666666667	3.5	5.333333333	4.666666667	4.75	2.666666667	4.6	5.75	3.75	0.5625	1	0.75	391	0.4375	0	0.35	213	0.375	0.090909091	0.6	477
UK	Nottingham	5	28	19	1	1	1	5	4	0	CD	5.25	5.833333333	6	4.666666667	5.666666667	5.25	4	4	3.75	2.25	0.875	0.875	0.5	362	1	0.951219512	0.15	280	0.75	0.827586207	0.3	813
UK	Nottingham	5	29	21	2	1	1	2	3	0	CD	5.75	5.5	5	5	4.666666667	4.25	2.333333333	5.2	5.75	4	0.625	1	0.8	419	0.625	1	0.35	73	0.5	1	0.05	1093
UK	Nottingham	5	30	19	2	4	2	6	3	0	CD	5.5	6.333333333	5.5	5.333333333	5.333333333	5.25	3	5.4	7	4.75	0.4375	0.75	0.75	362	0.0625	1	0	395	0.4375	0	0.45	648
UK	Nottingham	6	1	19	1	6	1	6	6	0	CD	6.75	6.5	6.5	6.666666667	6.333333333	5.5	4.333333333	5.2	6	4.75	0	NA	0.5	372	0.375	1	0	447	0.6875	0	0.45	555
UK	Nottingham	6	2	20	1	1	1	4	6	0	CD	4.75	5.5	6	4	6	5.75	4	4.6	4.25	3.75	0.0625	1	0.9	408	0.3125	0.5	0.35	214	0.5	0.4	0.4	763
UK	Nottingham	6	3	19	2	2	1	5	2	1	CD	5	4.166666667	5.25	6.666666667	5.333333333	5	3.333333333	3.2	3.5	2.75	0.3125	1	0.85	393	0	NA	0	442	0.1875	0.2	0.25	948
UK	Nottingham	6	4	19	2	1	1	5	5	1	CC	7	6	6	6	6.333333333	6.25	3.333333333	5.4	4.25	3	0.3125	1	0.75	455	0.375	0.2	0.65	205	0.625	0	0.55	563
UK	Nottingham	6	5	20	1	2	1	5	5	0	CC	6	6.166666667	5.25	6.666666667	4.666666667	6.5	4.333333333	5.6	5	4	0.5	1	0.8	555	0.3125	0.25	0.1	179	0.375	0.166666667	0.35	964
UK	Nottingham	6	6	20	2	2	2	5	5	0	CD	6.75	6.5	5.5	5	5	6.25	5.333333333	6	5.5	6.25	0.25	0.692307692	0.55	353	0.25	0.125	0.2	235	0.3125	0	0.15	1038
UK	Nottingham	6	7	20	2	3	1	6	4	0	CC	7	6.5	5.5	7	6	3.75	3.666666667	3	2.25	1.25	0.75	1	0.75	493	0.625	0.538461538	0.2	269	0.6875	0.571428571	0.35	834
UK	Nottingham	6	8	19	2	1	1	3	5	0	CD	5.75	6.833333333	6.5	3.666666667	4	6.25	4	5.2	3	3.25	0.4375	1	0.7	460	0.5625	0.090909091	0.4	439	0.8125	0.130434783	0.35	1024
UK	Nottingham	6	9	20	2	2	1	5	6	0	CD	7	6.5	6.25	5.666666667	6.666666667	5	3.666666667	5.2	5	3	0.5625	1	0.7	443	0.9375	0.578947368	0.4	201	0.5625	0.5	0.1	1037
UK	Nottingham	6	10	19	2	1	2	5	6	0	CC	6	4.333333333	3.25	4	4.333333333	2.75	1.666666667	4.8	5.25	5.5	0.1875	0.857142857	0.45	374	0.3125	0.25	0.1	356	0.3125	0.15	0.25	757
UK	Nottingham	6	11	19	2	2	2	2	4	0	DD	5.5	4.5	3.75	4.666666667	5.333333333	4.5	3	4.8	4.75	3.75	0.4375	1	0.75	552	0.5	0.684210526	0.1	182	0.3125	0.666666667	0.3	978
UK	Nottingham	6	12	20	2	0	1	5	4	0	CD	6.25	6.5	6	5	5.333333333	4.75	3.666666667	6	6.25	5	0.5	1	0.8	501	0.375	1	0.65	78	0.1875	0	0.3	1094
UK	Nottingham	6	13	19	2	1	1	3	4	0	CD	4.5	2	3.5	2.666666667	4.333333333	5	4.666666667	3.6	3.75	2	0.0625	1	0.45	324	0.3125	0	0.1	230	0.4375	0	0.45	702
UK	Nottingham	6	14	21	1	1	1	6	4	0	CD	5.25	4.833333333	5.5	4.666666667	5	5	4.333333333	3.8	3.5	3.5	0.375	1	0.8	428	0.25	1	0.15	55	0.3125	1	0.05	1084
UK	Nottingham	6	15	22	2	2	1	2	4	0	CD	6.25	5.666666667	6.5	5.666666667	6.333333333	5.75	5.666666667	6.6	5.25	4	0.4375	1	0.9	532	0.625	0.333333333	0.35	72	0.375	0.333333333	0.25	665
UK	Nottingham	6	16	22	1	2	2	6	5	0	DD	4.75	6.666666667	5.5	6.666666667	6	5.75	5	4	4.75	4	0.375	0.043478261	0.8	516	0.3125	0.25	0.25	216	0.375	0	0.35	849
UK	Nottingham	6	17	19	1	0	1	4	5	0	CC	5	5.166666667	5.5	5.666666667	5.333333333	6.75	4	5.4	3.75	4.75	0.5	1	0.9	534	0.25	0.142857143	0.15	329	0.3125	0.25	0.25	1174
UK	Nottingham	6	18	21	2	6	1	6	3	0	CD	6.75	6.666666667	6.25	5.333333333	5.666666667	6.25	5.666666667	6	4.5	3	0.1875	1	0.75	527	0.0625	1	0	446	0.0625	1	0.15	613
UK	Nottingham	6	19	20	2	1	2	5	6	0	CD	4.75	5.333333333	6.5	5	5.666666667	6.75	6.666666667	5.2	3.75	4.75	0.875	0.866666667	0.8	466	0.5625	0.058823529	0.45	219	0.5	0.066666667	0.35	929
UK	Nottingham	6	20	19	1	1	1	7	4	0	CD	6.5	6.333333333	7	7	5.333333333	6.5	6.333333333	7	3.25	2.75	1	0.684210526	0.5	484	0.8125	0.155555556	0.4	63	0.5625	0.285714286	0.35	759
UK	Nottingham	6	21	19	2	0	2	3	5	0	CC	6.25	5.833333333	5.75	4.333333333	4.333333333	4.75	2	5	5.25	4.5	0.3125	1	0.85	523	0.3125	1	0.35	231	0.5625	0.894736842	0.25	845
UK	Nottingham	6	22	21	2	1	1	4	4	0	CD	5.5	6.333333333	5.25	5	4.666666667	4.75	4	5.4	4.75	2.75	0.4375	0.555555556	0.9	397	0.5	0.142857143	0.3	94	0.4375	0.4	0.45	682
UK	Nottingham	6	23	20	1	1	1	3	3	0	DD	5.75	5	5	3.333333333	5.666666667	5.25	3	6.6	6	2.75	0.5	1	0.8	264	0.4375	0.272727273	0.35	231	0.3125	0	0.3	1120
UK	Nottingham	6	24	23	2	0	1	2	4	0	CC	5.75	5	5.25	4	7	6	4.333333333	4.4	5	2.5	0.625	1	0.9	508	0.75	0.230769231	0.7	297	0.4375	0.037037037	0.3	1205
UK	Nottingham	6	25	19	2	2	1	6	2	0	CD	5.5	6.333333333	5.5	6.666666667	6.666666667	4.25	3.666666667	3.6	4	1.75	0.5625	1	0.9	451	0.6875	0.047619048	0.65	100	0.4375	0.272727273	0.4	881
